1997010100
1997010106
1997010112
1997010118
1997010200
1997010206
1997010212
1997010218
1997010300
1997010306
1997010312
1997010318
1997010400
1997010406
1997010412
1997010418
1997010500
1997010506
1997010512
1997010518
1997010600
1997010606
1997010612
1997010618
1997010700
1997010706
1997010712
1997010718
1997010800
1997010806
1997010812
1997010818
1997010900
1997010906
1997010912
1997010918
1997011000
1997011006
1997011012
1997011018
1997011100
1997011106
1997011112
1997011118
1997011200
1997011206
1997011212
1997011218
1997011300
1997011306
1997011312
1997011318
1997011400
1997011406
1997011412
1997011418
1997011500
1997011506
1997011512
1997011518
1997011600
1997011606
1997011612
1997011618
1997011700
1997011706
1997011712
1997011718
1997011800
1997011806
1997011812
1997011818
1997011900
1997011906
1997011912
1997011918
1997012000
1997012006
1997012012
1997012018
1997012100
1997012106
1997012112
1997012118
1997012200
1997012206
1997012212
1997012218
1997012300
1997012306
1997012312
1997012318
1997012400
1997012406
1997012412
1997012418
1997012500
1997012506
1997012512
1997012518
1997012600
1997012606
1997012612
1997012618
1997012700
1997012706
1997012712
1997012718
1997012800
1997012806
1997012812
1997012818
1997012900
1997012906
1997012912
1997012918
1997013000
1997013006
1997013012
1997013018
1997013100
1997013106
1997013112
1997013118
1997020100
1997020106
1997020112
1997020118
1997020200
1997020206
1997020212
1997020218
1997020300
1997020306
1997020312
1997020318
1997020400
1997020406
1997020412
1997020418
1997020500
1997020506
1997020512
1997020518
1997020600
1997020606
1997020612
1997020618
1997020700
1997020706
1997020712
1997020718
1997020800
1997020806
1997020812
1997020818
1997020900
1997020906
1997020912
1997020918
1997021000
1997021006
1997021012
1997021018
1997021100
1997021106
1997021112
1997021118
1997021200
1997021206
1997021212
1997021218
1997021300
1997021306
1997021312
1997021318
1997021400
1997021406
1997021412
1997021418
1997021500
1997021506
1997021512
1997021518
1997021600
1997021606
1997021612
1997021618
1997021700
1997021706
1997021712
1997021718
1997021800
1997021806
1997021812
1997021818
1997021900
1997021906
1997021912
1997021918
1997022000
1997022006
1997022012
1997022018
1997022100
1997022106
1997022112
1997022118
1997022200
1997022206
1997022212
1997022218
1997022300
1997022306
1997022312
1997022318
1997022400
1997022406
1997022412
1997022418
1997022500
1997022506
1997022512
1997022518
1997022600
1997022606
1997022612
1997022618
1997022700
1997022706
1997022712
1997022718
1997022800
1997022806
1997022812
1997022818
1997030100
1997030106
1997030112
1997030118
1997030200
1997030206
1997030212
1997030218
1997030300
1997030306
1997030312
1997030318
1997030400
1997030406
1997030412
1997030418
1997030500
1997030506
1997030512
1997030518
1997030600
1997030606
1997030612
1997030618
1997030700
1997030706
1997030712
1997030718
1997030800
1997030806
1997030812
1997030818
1997030900
1997030906
1997030912
1997030918
1997031000
1997031006
1997031012
1997031018
1997031100
1997031106
1997031112
1997031118
1997031200
1997031206
1997031212
1997031218
1997031300
1997031306
1997031312
1997031318
1997031400
1997031406
1997031412
1997031418
1997031500
1997031506
1997031512
1997031518
1997031600
1997031606
1997031612
1997031618
1997031700
1997031706
1997031712
1997031718
1997031800
1997031806
1997031812
1997031818
1997031900
1997031906
1997031912
1997031918
1997032000
1997032006
1997032012
1997032018
1997032100
1997032106
1997032112
1997032118
1997032200
1997032206
1997032212
1997032218
1997032300
1997032306
1997032312
1997032318
1997032400
1997032406
1997032412
1997032418
1997032500
1997032506
1997032512
1997032518
1997032600
1997032606
1997032612
1997032618
1997032700
1997032706
1997032712
1997032718
1997032800
1997032806
1997032812
1997032818
1997032900
1997032906
1997032912
1997032918
1997033000
1997033006
1997033012
1997033018
1997033100
1997033106
1997033112
1997033118
1997110100
1997110106
1997110112
1997110118
1997110200
1997110206
1997110212
1997110218
1997110300
1997110306
1997110312
1997110318
1997110400
1997110406
1997110412
1997110418
1997110500
1997110506
1997110512
1997110518
1997110600
1997110606
1997110612
1997110618
1997110700
1997110706
1997110712
1997110718
1997110800
1997110806
1997110812
1997110818
1997110900
1997110906
1997110912
1997110918
1997111000
1997111006
1997111012
1997111018
1997111100
1997111106
1997111112
1997111118
1997111200
1997111206
1997111212
1997111218
1997111300
1997111306
1997111312
1997111318
1997111400
1997111406
1997111412
1997111418
1997111500
1997111506
1997111512
1997111518
1997111600
1997111606
1997111612
1997111618
1997111700
1997111706
1997111712
1997111718
1997111800
1997111806
1997111812
1997111818
1997111900
1997111906
1997111912
1997111918
1997112000
1997112006
1997112012
1997112018
1997112100
1997112106
1997112112
1997112118
1997112200
1997112206
1997112212
1997112218
1997112300
1997112306
1997112312
1997112318
1997112400
1997112406
1997112412
1997112418
1997112500
1997112506
1997112512
1997112518
1997112600
1997112606
1997112612
1997112618
1997112700
1997112706
1997112712
1997112718
1997112800
1997112806
1997112812
1997112818
1997112900
1997112906
1997112912
1997112918
1997113000
1997113006
1997113012
1997113018
1997120100
1997120106
1997120112
1997120118
1997120200
1997120206
1997120212
1997120218
1997120300
1997120306
1997120312
1997120318
1997120400
1997120406
1997120412
1997120418
1997120500
1997120506
1997120512
1997120518
1997120600
1997120606
1997120612
1997120618
1997120700
1997120706
1997120712
1997120718
1997120800
1997120806
1997120812
1997120818
1997120900
1997120906
1997120912
1997120918
1997121000
1997121006
1997121012
1997121018
1997121100
1997121106
1997121112
1997121118
1997121200
1997121206
1997121212
1997121218
1997121300
1997121306
1997121312
1997121318
1997121400
1997121406
1997121412
1997121418
1997121500
1997121506
1997121512
1997121518
1997121600
1997121606
1997121612
1997121618
1997121700
1997121706
1997121712
1997121718
1997121800
1997121806
1997121812
1997121818
1997121900
1997121906
1997121912
1997121918
1997122000
1997122006
1997122012
1997122018
1997122100
1997122106
1997122112
1997122118
1997122200
1997122206
1997122212
1997122218
1997122300
1997122306
1997122312
1997122318
1997122400
1997122406
1997122412
1997122418
1997122500
1997122506
1997122512
1997122518
1997122600
1997122606
1997122612
1997122618
1997122700
1997122706
1997122712
1997122718
1997122800
1997122806
1997122812
1997122818
1997122900
1997122906
1997122912
1997122918
1997123000
1997123006
1997123012
1997123018
1997123100
1997123106
1997123112
1997123118
1998010100
1998010106
1998010112
1998010118
1998010200
1998010206
1998010212
1998010218
1998010300
1998010306
1998010312
1998010318
1998010400
1998010406
1998010412
1998010418
1998010500
1998010506
1998010512
1998010518
1998010600
1998010606
1998010612
1998010618
1998010700
1998010706
1998010712
1998010718
1998010800
1998010806
1998010812
1998010818
1998010900
1998010906
1998010912
1998010918
1998011000
1998011006
1998011012
1998011018
1998011100
1998011106
1998011112
1998011118
1998011200
1998011206
1998011212
1998011218
1998011300
1998011306
1998011312
1998011318
1998011400
1998011406
1998011412
1998011418
1998011500
1998011506
1998011512
1998011518
1998011600
1998011606
1998011612
1998011618
1998011700
1998011706
1998011712
1998011718
1998011800
1998011806
1998011812
1998011818
1998011900
1998011906
1998011912
1998011918
1998012000
1998012006
1998012012
1998012018
1998012100
1998012106
1998012112
1998012118
1998012200
1998012206
1998012212
1998012218
1998012300
1998012306
1998012312
1998012318
1998012400
1998012406
1998012412
1998012418
1998012500
1998012506
1998012512
1998012518
1998012600
1998012606
1998012612
1998012618
1998012700
1998012706
1998012712
1998012718
1998012800
1998012806
1998012812
1998012818
1998012900
1998012906
1998012912
1998012918
1998013000
1998013006
1998013012
1998013018
1998013100
1998013106
1998013112
1998013118
1998020100
1998020106
1998020112
1998020118
1998020200
1998020206
1998020212
1998020218
1998020300
1998020306
1998020312
1998020318
1998020400
1998020406
1998020412
1998020418
1998020500
1998020506
1998020512
1998020518
1998020600
1998020606
1998020612
1998020618
1998020700
1998020706
1998020712
1998020718
1998020800
1998020806
1998020812
1998020818
1998020900
1998020906
1998020912
1998020918
1998021000
1998021006
1998021012
1998021018
1998021100
1998021106
1998021112
1998021118
1998021200
1998021206
1998021212
1998021218
1998021300
1998021306
1998021312
1998021318
1998021400
1998021406
1998021412
1998021418
1998021500
1998021506
1998021512
1998021518
1998021600
1998021606
1998021612
1998021618
1998021700
1998021706
1998021712
1998021718
1998021800
1998021806
1998021812
1998021818
1998021900
1998021906
1998021912
1998021918
1998022000
1998022006
1998022012
1998022018
1998022100
1998022106
1998022112
1998022118
1998022200
1998022206
1998022212
1998022218
1998022300
1998022306
1998022312
1998022318
1998022400
1998022406
1998022412
1998022418
1998022500
1998022506
1998022512
1998022518
1998022600
1998022606
1998022612
1998022618
1998022700
1998022706
1998022712
1998022718
1998022800
1998022806
1998022812
1998022818
1998030100
1998030106
1998030112
1998030118
1998030200
1998030206
1998030212
1998030218
1998030300
1998030306
1998030312
1998030318
1998030400
1998030406
1998030412
1998030418
1998030500
1998030506
1998030512
1998030518
1998030600
1998030606
1998030612
1998030618
1998030700
1998030706
1998030712
1998030718
1998030800
1998030806
1998030812
1998030818
1998030900
1998030906
1998030912
1998030918
1998031000
1998031006
1998031012
1998031018
1998031100
1998031106
1998031112
1998031118
1998031200
1998031206
1998031212
1998031218
1998031300
1998031306
1998031312
1998031318
1998031400
1998031406
1998031412
1998031418
1998031500
1998031506
1998031512
1998031518
1998031600
1998031606
1998031612
1998031618
1998031700
1998031706
1998031712
1998031718
1998031800
1998031806
1998031812
1998031818
1998031900
1998031906
1998031912
1998031918
1998032000
1998032006
1998032012
1998032018
1998032100
1998032106
1998032112
1998032118
1998032200
1998032206
1998032212
1998032218
1998032300
1998032306
1998032312
1998032318
1998032400
1998032406
1998032412
1998032418
1998032500
1998032506
1998032512
1998032518
1998032600
1998032606
1998032612
1998032618
1998032700
1998032706
1998032712
1998032718
1998032800
1998032806
1998032812
1998032818
1998032900
1998032906
1998032912
1998032918
1998033000
1998033006
1998033012
1998033018
1998033100
1998033106
1998033112
1998033118
1998110100
1998110106
1998110112
1998110118
1998110200
1998110206
1998110212
1998110218
1998110300
1998110306
1998110312
1998110318
1998110400
1998110406
1998110412
1998110418
1998110500
1998110506
1998110512
1998110518
1998110600
1998110606
1998110612
1998110618
1998110700
1998110706
1998110712
1998110718
1998110800
1998110806
1998110812
1998110818
1998110900
1998110906
1998110912
1998110918
1998111000
1998111006
1998111012
1998111018
1998111100
1998111106
1998111112
1998111118
1998111200
1998111206
1998111212
1998111218
1998111300
1998111306
1998111312
1998111318
1998111400
1998111406
1998111412
1998111418
1998111500
1998111506
1998111512
1998111518
1998111600
1998111606
1998111612
1998111618
1998111700
1998111706
1998111712
1998111718
1998111800
1998111806
1998111812
1998111818
1998111900
1998111906
1998111912
1998111918
1998112000
1998112006
1998112012
1998112018
1998112100
1998112106
1998112112
1998112118
1998112200
1998112206
1998112212
1998112218
1998112300
1998112306
1998112312
1998112318
1998112400
1998112406
1998112412
1998112418
1998112500
1998112506
1998112512
1998112518
1998112600
1998112606
1998112612
1998112618
1998112700
1998112706
1998112712
1998112718
1998112800
1998112806
1998112812
1998112818
1998112900
1998112906
1998112912
1998112918
1998113000
1998113006
1998113012
1998113018
1998120100
1998120106
1998120112
1998120118
1998120200
1998120206
1998120212
1998120218
1998120300
1998120306
1998120312
1998120318
1998120400
1998120406
1998120412
1998120418
1998120500
1998120506
1998120512
1998120518
1998120600
1998120606
1998120612
1998120618
1998120700
1998120706
1998120712
1998120718
1998120800
1998120806
1998120812
1998120818
1998120900
1998120906
1998120912
1998120918
1998121000
1998121006
1998121012
1998121018
1998121100
1998121106
1998121112
1998121118
1998121200
1998121206
1998121212
1998121218
1998121300
1998121306
1998121312
1998121318
1998121400
1998121406
1998121412
1998121418
1998121500
1998121506
1998121512
1998121518
1998121600
1998121606
1998121612
1998121618
1998121700
1998121706
1998121712
1998121718
1998121800
1998121806
1998121812
1998121818
1998121900
1998121906
1998121912
1998121918
1998122000
1998122006
1998122012
1998122018
1998122100
1998122106
1998122112
1998122118
1998122200
1998122206
1998122212
1998122218
1998122300
1998122306
1998122312
1998122318
1998122400
1998122406
1998122412
1998122418
1998122500
1998122506
1998122512
1998122518
1998122600
1998122606
1998122612
1998122618
1998122700
1998122706
1998122712
1998122718
1998122800
1998122806
1998122812
1998122818
1998122900
1998122906
1998122912
1998122918
1998123000
1998123006
1998123012
1998123018
1998123100
1998123106
1998123112
1998123118
1999010100
1999010106
1999010112
1999010118
1999010200
1999010206
1999010212
1999010218
1999010300
1999010306
1999010312
1999010318
1999010400
1999010406
1999010412
1999010418
1999010500
1999010506
1999010512
1999010518
1999010600
1999010606
1999010612
1999010618
1999010700
1999010706
1999010712
1999010718
1999010800
1999010806
1999010812
1999010818
1999010900
1999010906
1999010912
1999010918
1999011000
1999011006
1999011012
1999011018
1999011100
1999011106
1999011112
1999011118
1999011200
1999011206
1999011212
1999011218
1999011300
1999011306
1999011312
1999011318
1999011400
1999011406
1999011412
1999011418
1999011500
1999011506
1999011512
1999011518
1999011600
1999011606
1999011612
1999011618
1999011700
1999011706
1999011712
1999011718
1999011800
1999011806
1999011812
1999011818
1999011900
1999011906
1999011912
1999011918
1999012000
1999012006
1999012012
1999012018
1999012100
1999012106
1999012112
1999012118
1999012200
1999012206
1999012212
1999012218
1999012300
1999012306
1999012312
1999012318
1999012400
1999012406
1999012412
1999012418
1999012500
1999012506
1999012512
1999012518
1999012600
1999012606
1999012612
1999012618
1999012700
1999012706
1999012712
1999012718
1999012800
1999012806
1999012812
1999012818
1999012900
1999012906
1999012912
1999012918
1999013000
1999013006
1999013012
1999013018
1999013100
1999013106
1999013112
1999013118
1999020100
1999020106
1999020112
1999020118
1999020200
1999020206
1999020212
1999020218
1999020300
1999020306
1999020312
1999020318
1999020400
1999020406
1999020412
1999020418
1999020500
1999020506
1999020512
1999020518
1999020600
1999020606
1999020612
1999020618
1999020700
1999020706
1999020712
1999020718
1999020800
1999020806
1999020812
1999020818
1999020900
1999020906
1999020912
1999020918
1999021000
1999021006
1999021012
1999021018
1999021100
1999021106
1999021112
1999021118
1999021200
1999021206
1999021212
1999021218
1999021300
1999021306
1999021312
1999021318
1999021400
1999021406
1999021412
1999021418
1999021500
1999021506
1999021512
1999021518
1999021600
1999021606
1999021612
1999021618
1999021700
1999021706
1999021712
1999021718
1999021800
1999021806
1999021812
1999021818
1999021900
1999021906
1999021912
1999021918
1999022000
1999022006
1999022012
1999022018
1999022100
1999022106
1999022112
1999022118
1999022200
1999022206
1999022212
1999022218
1999022300
1999022306
1999022312
1999022318
1999022400
1999022406
1999022412
1999022418
1999022500
1999022506
1999022512
1999022518
1999022600
1999022606
1999022612
1999022618
1999022700
1999022706
1999022712
1999022718
1999022800
1999022806
1999022812
1999022818
1999030100
1999030106
1999030112
1999030118
1999030200
1999030206
1999030212
1999030218
1999030300
1999030306
1999030312
1999030318
1999030400
1999030406
1999030412
1999030418
1999030500
1999030506
1999030512
1999030518
1999030600
1999030606
1999030612
1999030618
1999030700
1999030706
1999030712
1999030718
1999030800
1999030806
1999030812
1999030818
1999030900
1999030906
1999030912
1999030918
1999031000
1999031006
1999031012
1999031018
1999031100
1999031106
1999031112
1999031118
1999031200
1999031206
1999031212
1999031218
1999031300
1999031306
1999031312
1999031318
1999031400
1999031406
1999031412
1999031418
1999031500
1999031506
1999031512
1999031518
1999031600
1999031606
1999031612
1999031618
1999031700
1999031706
1999031712
1999031718
1999031800
1999031806
1999031812
1999031818
1999031900
1999031906
1999031912
1999031918
1999032000
1999032006
1999032012
1999032018
1999032100
1999032106
1999032112
1999032118
1999032200
1999032206
1999032212
1999032218
1999032300
1999032306
1999032312
1999032318
1999032400
1999032406
1999032412
1999032418
1999032500
1999032506
1999032512
1999032518
1999032600
1999032606
1999032612
1999032618
1999032700
1999032706
1999032712
1999032718
1999032800
1999032806
1999032812
1999032818
1999032900
1999032906
1999032912
1999032918
1999033000
1999033006
1999033012
1999033018
1999033100
1999033106
1999033112
1999033118
1999110100
1999110106
1999110112
1999110118
1999110200
1999110206
1999110212
1999110218
1999110300
1999110306
1999110312
1999110318
1999110400
1999110406
1999110412
1999110418
1999110500
1999110506
1999110512
1999110518
1999110600
1999110606
1999110612
1999110618
1999110700
1999110706
1999110712
1999110718
1999110800
1999110806
1999110812
1999110818
1999110900
1999110906
1999110912
1999110918
1999111000
1999111006
1999111012
1999111018
1999111100
1999111106
1999111112
1999111118
1999111200
1999111206
1999111212
1999111218
1999111300
1999111306
1999111312
1999111318
1999111400
1999111406
1999111412
1999111418
1999111500
1999111506
1999111512
1999111518
1999111600
1999111606
1999111612
1999111618
1999111700
1999111706
1999111712
1999111718
1999111800
1999111806
1999111812
1999111818
1999111900
1999111906
1999111912
1999111918
1999112000
1999112006
1999112012
1999112018
1999112100
1999112106
1999112112
1999112118
1999112200
1999112206
1999112212
1999112218
1999112300
1999112306
1999112312
1999112318
1999112400
1999112406
1999112412
1999112418
1999112500
1999112506
1999112512
1999112518
1999112600
1999112606
1999112612
1999112618
1999112700
1999112706
1999112712
1999112718
1999112800
1999112806
1999112812
1999112818
1999112900
1999112906
1999112912
1999112918
1999113000
1999113006
1999113012
1999113018
1999120100
1999120106
1999120112
1999120118
1999120200
1999120206
1999120212
1999120218
1999120300
1999120306
1999120312
1999120318
1999120400
1999120406
1999120412
1999120418
1999120500
1999120506
1999120512
1999120518
1999120600
1999120606
1999120612
1999120618
1999120700
1999120706
1999120712
1999120718
1999120800
1999120806
1999120812
1999120818
1999120900
1999120906
1999120912
1999120918
1999121000
1999121006
1999121012
1999121018
1999121100
1999121106
1999121112
1999121118
1999121200
1999121206
1999121212
1999121218
1999121300
1999121306
1999121312
1999121318
1999121400
1999121406
1999121412
1999121418
1999121500
1999121506
1999121512
1999121518
1999121600
1999121606
1999121612
1999121618
1999121700
1999121706
1999121712
1999121718
1999121800
1999121806
1999121812
1999121818
1999121900
1999121906
1999121912
1999121918
1999122000
1999122006
1999122012
1999122018
1999122100
1999122106
1999122112
1999122118
1999122200
1999122206
1999122212
1999122218
1999122300
1999122306
1999122312
1999122318
1999122400
1999122406
1999122412
1999122418
1999122500
1999122506
1999122512
1999122518
1999122600
1999122606
1999122612
1999122618
1999122700
1999122706
1999122712
1999122718
1999122800
1999122806
1999122812
1999122818
1999122900
1999122906
1999122912
1999122918
1999123000
1999123006
1999123012
1999123018
1999123100
1999123106
1999123112
1999123118
2000010100
2000010106
2000010112
2000010118
2000010200
2000010206
2000010212
2000010218
2000010300
2000010306
2000010312
2000010318
2000010400
2000010406
2000010412
2000010418
2000010500
2000010506
2000010512
2000010518
2000010600
2000010606
2000010612
2000010618
2000010700
2000010706
2000010712
2000010718
2000010800
2000010806
2000010812
2000010818
2000010900
2000010906
2000010912
2000010918
2000011000
2000011006
2000011012
2000011018
2000011100
2000011106
2000011112
2000011118
2000011200
2000011206
2000011212
2000011218
2000011300
2000011306
2000011312
2000011318
2000011400
2000011406
2000011412
2000011418
2000011500
2000011506
2000011512
2000011518
2000011600
2000011606
2000011612
2000011618
2000011700
2000011706
2000011712
2000011718
2000011800
2000011806
2000011812
2000011818
2000011900
2000011906
2000011912
2000011918
2000012000
2000012006
2000012012
2000012018
2000012100
2000012106
2000012112
2000012118
2000012200
2000012206
2000012212
2000012218
2000012300
2000012306
2000012312
2000012318
2000012400
2000012406
2000012412
2000012418
2000012500
2000012506
2000012512
2000012518
2000012600
2000012606
2000012612
2000012618
2000012700
2000012706
2000012712
2000012718
2000012800
2000012806
2000012812
2000012818
2000012900
2000012906
2000012912
2000012918
2000013000
2000013006
2000013012
2000013018
2000013100
2000013106
2000013112
2000013118
2000020100
2000020106
2000020112
2000020118
2000020200
2000020206
2000020212
2000020218
2000020300
2000020306
2000020312
2000020318
2000020400
2000020406
2000020412
2000020418
2000020500
2000020506
2000020512
2000020518
2000020600
2000020606
2000020612
2000020618
2000020700
2000020706
2000020712
2000020718
2000020800
2000020806
2000020812
2000020818
2000020900
2000020906
2000020912
2000020918
2000021000
2000021006
2000021012
2000021018
2000021100
2000021106
2000021112
2000021118
2000021200
2000021206
2000021212
2000021218
2000021300
2000021306
2000021312
2000021318
2000021400
2000021406
2000021412
2000021418
2000021500
2000021506
2000021512
2000021518
2000021600
2000021606
2000021612
2000021618
2000021700
2000021706
2000021712
2000021718
2000021800
2000021806
2000021812
2000021818
2000021900
2000021906
2000021912
2000021918
2000022000
2000022006
2000022012
2000022018
2000022100
2000022106
2000022112
2000022118
2000022200
2000022206
2000022212
2000022218
2000022300
2000022306
2000022312
2000022318
2000022400
2000022406
2000022412
2000022418
2000022500
2000022506
2000022512
2000022518
2000022600
2000022606
2000022612
2000022618
2000022700
2000022706
2000022712
2000022718
2000022800
2000022806
2000022812
2000022818
2000022900
2000022906
2000022912
2000022918
2000030100
2000030106
2000030112
2000030118
2000030200
2000030206
2000030212
2000030218
2000030300
2000030306
2000030312
2000030318
2000030400
2000030406
2000030412
2000030418
2000030500
2000030506
2000030512
2000030518
2000030600
2000030606
2000030612
2000030618
2000030700
2000030706
2000030712
2000030718
2000030800
2000030806
2000030812
2000030818
2000030900
2000030906
2000030912
2000030918
2000031000
2000031006
2000031012
2000031018
2000031100
2000031106
2000031112
2000031118
2000031200
2000031206
2000031212
2000031218
2000031300
2000031306
2000031312
2000031318
2000031400
2000031406
2000031412
2000031418
2000031500
2000031506
2000031512
2000031518
2000031600
2000031606
2000031612
2000031618
2000031700
2000031706
2000031712
2000031718
2000031800
2000031806
2000031812
2000031818
2000031900
2000031906
2000031912
2000031918
2000032000
2000032006
2000032012
2000032018
2000032100
2000032106
2000032112
2000032118
2000032200
2000032206
2000032212
2000032218
2000032300
2000032306
2000032312
2000032318
2000032400
2000032406
2000032412
2000032418
2000032500
2000032506
2000032512
2000032518
2000032600
2000032606
2000032612
2000032618
2000032700
2000032706
2000032712
2000032718
2000032800
2000032806
2000032812
2000032818
2000032900
2000032906
2000032912
2000032918
2000033000
2000033006
2000033012
2000033018
2000033100
2000033106
2000033112
2000033118
2000110100
2000110106
2000110112
2000110118
2000110200
2000110206
2000110212
2000110218
2000110300
2000110306
2000110312
2000110318
2000110400
2000110406
2000110412
2000110418
2000110500
2000110506
2000110512
2000110518
2000110600
2000110606
2000110612
2000110618
2000110700
2000110706
2000110712
2000110718
2000110800
2000110806
2000110812
2000110818
2000110900
2000110906
2000110912
2000110918
2000111000
2000111006
2000111012
2000111018
2000111100
2000111106
2000111112
2000111118
2000111200
2000111206
2000111212
2000111218
2000111300
2000111306
2000111312
2000111318
2000111400
2000111406
2000111412
2000111418
2000111500
2000111506
2000111512
2000111518
2000111600
2000111606
2000111612
2000111618
2000111700
2000111706
2000111712
2000111718
2000111800
2000111806
2000111812
2000111818
2000111900
2000111906
2000111912
2000111918
2000112000
2000112006
2000112012
2000112018
2000112100
2000112106
2000112112
2000112118
2000112200
2000112206
2000112212
2000112218
2000112300
2000112306
2000112312
2000112318
2000112400
2000112406
2000112412
2000112418
2000112500
2000112506
2000112512
2000112518
2000112600
2000112606
2000112612
2000112618
2000112700
2000112706
2000112712
2000112718
2000112800
2000112806
2000112812
2000112818
2000112900
2000112906
2000112912
2000112918
2000113000
2000113006
2000113012
2000113018
2000120100
2000120106
2000120112
2000120118
2000120200
2000120206
2000120212
2000120218
2000120300
2000120306
2000120312
2000120318
2000120400
2000120406
2000120412
2000120418
2000120500
2000120506
2000120512
2000120518
2000120600
2000120606
2000120612
2000120618
2000120700
2000120706
2000120712
2000120718
2000120800
2000120806
2000120812
2000120818
2000120900
2000120906
2000120912
2000120918
2000121000
2000121006
2000121012
2000121018
2000121100
2000121106
2000121112
2000121118
2000121200
2000121206
2000121212
2000121218
2000121300
2000121306
2000121312
2000121318
2000121400
2000121406
2000121412
2000121418
2000121500
2000121506
2000121512
2000121518
2000121600
2000121606
2000121612
2000121618
2000121700
2000121706
2000121712
2000121718
2000121800
2000121806
2000121812
2000121818
2000121900
2000121906
2000121912
2000121918
2000122000
2000122006
2000122012
2000122018
2000122100
2000122106
2000122112
2000122118
2000122200
2000122206
2000122212
2000122218
2000122300
2000122306
2000122312
2000122318
2000122400
2000122406
2000122412
2000122418
2000122500
2000122506
2000122512
2000122518
2000122600
2000122606
2000122612
2000122618
2000122700
2000122706
2000122712
2000122718
2000122800
2000122806
2000122812
2000122818
2000122900
2000122906
2000122912
2000122918
2000123000
2000123006
2000123012
2000123018
2000123100
2000123106
2000123112
2000123118
2001010100
2001010106
2001010112
2001010118
2001010200
2001010206
2001010212
2001010218
2001010300
2001010306
2001010312
2001010318
2001010400
2001010406
2001010412
2001010418
2001010500
2001010506
2001010512
2001010518
2001010600
2001010606
2001010612
2001010618
2001010700
2001010706
2001010712
2001010718
2001010800
2001010806
2001010812
2001010818
2001010900
2001010906
2001010912
2001010918
2001011000
2001011006
2001011012
2001011018
2001011100
2001011106
2001011112
2001011118
2001011200
2001011206
2001011212
2001011218
2001011300
2001011306
2001011312
2001011318
2001011400
2001011406
2001011412
2001011418
2001011500
2001011506
2001011512
2001011518
2001011600
2001011606
2001011612
2001011618
2001011700
2001011706
2001011712
2001011718
2001011800
2001011806
2001011812
2001011818
2001011900
2001011906
2001011912
2001011918
2001012000
2001012006
2001012012
2001012018
2001012100
2001012106
2001012112
2001012118
2001012200
2001012206
2001012212
2001012218
2001012300
2001012306
2001012312
2001012318
2001012400
2001012406
2001012412
2001012418
2001012500
2001012506
2001012512
2001012518
2001012600
2001012606
2001012612
2001012618
2001012700
2001012706
2001012712
2001012718
2001012800
2001012806
2001012812
2001012818
2001012900
2001012906
2001012912
2001012918
2001013000
2001013006
2001013012
2001013018
2001013100
2001013106
2001013112
2001013118
2001020100
2001020106
2001020112
2001020118
2001020200
2001020206
2001020212
2001020218
2001020300
2001020306
2001020312
2001020318
2001020400
2001020406
2001020412
2001020418
2001020500
2001020506
2001020512
2001020518
2001020600
2001020606
2001020612
2001020618
2001020700
2001020706
2001020712
2001020718
2001020800
2001020806
2001020812
2001020818
2001020900
2001020906
2001020912
2001020918
2001021000
2001021006
2001021012
2001021018
2001021100
2001021106
2001021112
2001021118
2001021200
2001021206
2001021212
2001021218
2001021300
2001021306
2001021312
2001021318
2001021400
2001021406
2001021412
2001021418
2001021500
2001021506
2001021512
2001021518
2001021600
2001021606
2001021612
2001021618
2001021700
2001021706
2001021712
2001021718
2001021800
2001021806
2001021812
2001021818
2001021900
2001021906
2001021912
2001021918
2001022000
2001022006
2001022012
2001022018
2001022100
2001022106
2001022112
2001022118
2001022200
2001022206
2001022212
2001022218
2001022300
2001022306
2001022312
2001022318
2001022400
2001022406
2001022412
2001022418
2001022500
2001022506
2001022512
2001022518
2001022600
2001022606
2001022612
2001022618
2001022700
2001022706
2001022712
2001022718
2001022800
2001022806
2001022812
2001022818
2001030100
2001030106
2001030112
2001030118
2001030200
2001030206
2001030212
2001030218
2001030300
2001030306
2001030312
2001030318
2001030400
2001030406
2001030412
2001030418
2001030500
2001030506
2001030512
2001030518
2001030600
2001030606
2001030612
2001030618
2001030700
2001030706
2001030712
2001030718
2001030800
2001030806
2001030812
2001030818
2001030900
2001030906
2001030912
2001030918
2001031000
2001031006
2001031012
2001031018
2001031100
2001031106
2001031112
2001031118
2001031200
2001031206
2001031212
2001031218
2001031300
2001031306
2001031312
2001031318
2001031400
2001031406
2001031412
2001031418
2001031500
2001031506
2001031512
2001031518
2001031600
2001031606
2001031612
2001031618
2001031700
2001031706
2001031712
2001031718
2001031800
2001031806
2001031812
2001031818
2001031900
2001031906
2001031912
2001031918
2001032000
2001032006
2001032012
2001032018
2001032100
2001032106
2001032112
2001032118
2001032200
2001032206
2001032212
2001032218
2001032300
2001032306
2001032312
2001032318
2001032400
2001032406
2001032412
2001032418
2001032500
2001032506
2001032512
2001032518
2001032600
2001032606
2001032612
2001032618
2001032700
2001032706
2001032712
2001032718
2001032800
2001032806
2001032812
2001032818
2001032900
2001032906
2001032912
2001032918
2001033000
2001033006
2001033012
2001033018
2001033100
2001033106
2001033112
2001033118
2001110100
2001110106
2001110112
2001110118
2001110200
2001110206
2001110212
2001110218
2001110300
2001110306
2001110312
2001110318
2001110400
2001110406
2001110412
2001110418
2001110500
2001110506
2001110512
2001110518
2001110600
2001110606
2001110612
2001110618
2001110700
2001110706
2001110712
2001110718
2001110800
2001110806
2001110812
2001110818
2001110900
2001110906
2001110912
2001110918
2001111000
2001111006
2001111012
2001111018
2001111100
2001111106
2001111112
2001111118
2001111200
2001111206
2001111212
2001111218
2001111300
2001111306
2001111312
2001111318
2001111400
2001111406
2001111412
2001111418
2001111500
2001111506
2001111512
2001111518
2001111600
2001111606
2001111612
2001111618
2001111700
2001111706
2001111712
2001111718
2001111800
2001111806
2001111812
2001111818
2001111900
2001111906
2001111912
2001111918
2001112000
2001112006
2001112012
2001112018
2001112100
2001112106
2001112112
2001112118
2001112200
2001112206
2001112212
2001112218
2001112300
2001112306
2001112312
2001112318
2001112400
2001112406
2001112412
2001112418
2001112500
2001112506
2001112512
2001112518
2001112600
2001112606
2001112612
2001112618
2001112700
2001112706
2001112712
2001112718
2001112800
2001112806
2001112812
2001112818
2001112900
2001112906
2001112912
2001112918
2001113000
2001113006
2001113012
2001113018
2001120100
2001120106
2001120112
2001120118
2001120200
2001120206
2001120212
2001120218
2001120300
2001120306
2001120312
2001120318
2001120400
2001120406
2001120412
2001120418
2001120500
2001120506
2001120512
2001120518
2001120600
2001120606
2001120612
2001120618
2001120700
2001120706
2001120712
2001120718
2001120800
2001120806
2001120812
2001120818
2001120900
2001120906
2001120912
2001120918
2001121000
2001121006
2001121012
2001121018
2001121100
2001121106
2001121112
2001121118
2001121200
2001121206
2001121212
2001121218
2001121300
2001121306
2001121312
2001121318
2001121400
2001121406
2001121412
2001121418
2001121500
2001121506
2001121512
2001121518
2001121600
2001121606
2001121612
2001121618
2001121700
2001121706
2001121712
2001121718
2001121800
2001121806
2001121812
2001121818
2001121900
2001121906
2001121912
2001121918
2001122000
2001122006
2001122012
2001122018
2001122100
2001122106
2001122112
2001122118
2001122200
2001122206
2001122212
2001122218
2001122300
2001122306
2001122312
2001122318
2001122400
2001122406
2001122412
2001122418
2001122500
2001122506
2001122512
2001122518
2001122600
2001122606
2001122612
2001122618
2001122700
2001122706
2001122712
2001122718
2001122800
2001122806
2001122812
2001122818
2001122900
2001122906
2001122912
2001122918
2001123000
2001123006
2001123012
2001123018
2001123100
2001123106
2001123112
2001123118
2002010100
2002010106
2002010112
2002010118
2002010200
2002010206
2002010212
2002010218
2002010300
2002010306
2002010312
2002010318
2002010400
2002010406
2002010412
2002010418
2002010500
2002010506
2002010512
2002010518
2002010600
2002010606
2002010612
2002010618
2002010700
2002010706
2002010712
2002010718
2002010800
2002010806
2002010812
2002010818
2002010900
2002010906
2002010912
2002010918
2002011000
2002011006
2002011012
2002011018
2002011100
2002011106
2002011112
2002011118
2002011200
2002011206
2002011212
2002011218
2002011300
2002011306
2002011312
2002011318
2002011400
2002011406
2002011412
2002011418
2002011500
2002011506
2002011512
2002011518
2002011600
2002011606
2002011612
2002011618
2002011700
2002011706
2002011712
2002011718
2002011800
2002011806
2002011812
2002011818
2002011900
2002011906
2002011912
2002011918
2002012000
2002012006
2002012012
2002012018
2002012100
2002012106
2002012112
2002012118
2002012200
2002012206
2002012212
2002012218
2002012300
2002012306
2002012312
2002012318
2002012400
2002012406
2002012412
2002012418
2002012500
2002012506
2002012512
2002012518
2002012600
2002012606
2002012612
2002012618
2002012700
2002012706
2002012712
2002012718
2002012800
2002012806
2002012812
2002012818
2002012900
2002012906
2002012912
2002012918
2002013000
2002013006
2002013012
2002013018
2002013100
2002013106
2002013112
2002013118
2002020100
2002020106
2002020112
2002020118
2002020200
2002020206
2002020212
2002020218
2002020300
2002020306
2002020312
2002020318
2002020400
2002020406
2002020412
2002020418
2002020500
2002020506
2002020512
2002020518
2002020600
2002020606
2002020612
2002020618
2002020700
2002020706
2002020712
2002020718
2002020800
2002020806
2002020812
2002020818
2002020900
2002020906
2002020912
2002020918
2002021000
2002021006
2002021012
2002021018
2002021100
2002021106
2002021112
2002021118
2002021200
2002021206
2002021212
2002021218
2002021300
2002021306
2002021312
2002021318
2002021400
2002021406
2002021412
2002021418
2002021500
2002021506
2002021512
2002021518
2002021600
2002021606
2002021612
2002021618
2002021700
2002021706
2002021712
2002021718
2002021800
2002021806
2002021812
2002021818
2002021900
2002021906
2002021912
2002021918
2002022000
2002022006
2002022012
2002022018
2002022100
2002022106
2002022112
2002022118
2002022200
2002022206
2002022212
2002022218
2002022300
2002022306
2002022312
2002022318
2002022400
2002022406
2002022412
2002022418
2002022500
2002022506
2002022512
2002022518
2002022600
2002022606
2002022612
2002022618
2002022700
2002022706
2002022712
2002022718
2002022800
2002022806
2002022812
2002022818
2002030100
2002030106
2002030112
2002030118
2002030200
2002030206
2002030212
2002030218
2002030300
2002030306
2002030312
2002030318
2002030400
2002030406
2002030412
2002030418
2002030500
2002030506
2002030512
2002030518
2002030600
2002030606
2002030612
2002030618
2002030700
2002030706
2002030712
2002030718
2002030800
2002030806
2002030812
2002030818
2002030900
2002030906
2002030912
2002030918
2002031000
2002031006
2002031012
2002031018
2002031100
2002031106
2002031112
2002031118
2002031200
2002031206
2002031212
2002031218
2002031300
2002031306
2002031312
2002031318
2002031400
2002031406
2002031412
2002031418
2002031500
2002031506
2002031512
2002031518
2002031600
2002031606
2002031612
2002031618
2002031700
2002031706
2002031712
2002031718
2002031800
2002031806
2002031812
2002031818
2002031900
2002031906
2002031912
2002031918
2002032000
2002032006
2002032012
2002032018
2002032100
2002032106
2002032112
2002032118
2002032200
2002032206
2002032212
2002032218
2002032300
2002032306
2002032312
2002032318
2002032400
2002032406
2002032412
2002032418
2002032500
2002032506
2002032512
2002032518
2002032600
2002032606
2002032612
2002032618
2002032700
2002032706
2002032712
2002032718
2002032800
2002032806
2002032812
2002032818
2002032900
2002032906
2002032912
2002032918
2002033000
2002033006
2002033012
2002033018
2002033100
2002033106
2002033112
2002033118
2002110100
2002110106
2002110112
2002110118
2002110200
2002110206
2002110212
2002110218
2002110300
2002110306
2002110312
2002110318
2002110400
2002110406
2002110412
2002110418
2002110500
2002110506
2002110512
2002110518
2002110600
2002110606
2002110612
2002110618
2002110700
2002110706
2002110712
2002110718
2002110800
2002110806
2002110812
2002110818
2002110900
2002110906
2002110912
2002110918
2002111000
2002111006
2002111012
2002111018
2002111100
2002111106
2002111112
2002111118
2002111200
2002111206
2002111212
2002111218
2002111300
2002111306
2002111312
2002111318
2002111400
2002111406
2002111412
2002111418
2002111500
2002111506
2002111512
2002111518
2002111600
2002111606
2002111612
2002111618
2002111700
2002111706
2002111712
2002111718
2002111800
2002111806
2002111812
2002111818
2002111900
2002111906
2002111912
2002111918
2002112000
2002112006
2002112012
2002112018
2002112100
2002112106
2002112112
2002112118
2002112200
2002112206
2002112212
2002112218
2002112300
2002112306
2002112312
2002112318
2002112400
2002112406
2002112412
2002112418
2002112500
2002112506
2002112512
2002112518
2002112600
2002112606
2002112612
2002112618
2002112700
2002112706
2002112712
2002112718
2002112800
2002112806
2002112812
2002112818
2002112900
2002112906
2002112912
2002112918
2002113000
2002113006
2002113012
2002113018
2002120100
2002120106
2002120112
2002120118
2002120200
2002120206
2002120212
2002120218
2002120300
2002120306
2002120312
2002120318
2002120400
2002120406
2002120412
2002120418
2002120500
2002120506
2002120512
2002120518
2002120600
2002120606
2002120612
2002120618
2002120700
2002120706
2002120712
2002120718
2002120800
2002120806
2002120812
2002120818
2002120900
2002120906
2002120912
2002120918
2002121000
2002121006
2002121012
2002121018
2002121100
2002121106
2002121112
2002121118
2002121200
2002121206
2002121212
2002121218
2002121300
2002121306
2002121312
2002121318
2002121400
2002121406
2002121412
2002121418
2002121500
2002121506
2002121512
2002121518
2002121600
2002121606
2002121612
2002121618
2002121700
2002121706
2002121712
2002121718
2002121800
2002121806
2002121812
2002121818
2002121900
2002121906
2002121912
2002121918
2002122000
2002122006
2002122012
2002122018
2002122100
2002122106
2002122112
2002122118
2002122200
2002122206
2002122212
2002122218
2002122300
2002122306
2002122312
2002122318
2002122400
2002122406
2002122412
2002122418
2002122500
2002122506
2002122512
2002122518
2002122600
2002122606
2002122612
2002122618
2002122700
2002122706
2002122712
2002122718
2002122800
2002122806
2002122812
2002122818
2002122900
2002122906
2002122912
2002122918
2002123000
2002123006
2002123012
2002123018
2002123100
2002123106
2002123112
2002123118
2003010100
2003010106
2003010112
2003010118
2003010200
2003010206
2003010212
2003010218
2003010300
2003010306
2003010312
2003010318
2003010400
2003010406
2003010412
2003010418
2003010500
2003010506
2003010512
2003010518
2003010600
2003010606
2003010612
2003010618
2003010700
2003010706
2003010712
2003010718
2003010800
2003010806
2003010812
2003010818
2003010900
2003010906
2003010912
2003010918
2003011000
2003011006
2003011012
2003011018
2003011100
2003011106
2003011112
2003011118
2003011200
2003011206
2003011212
2003011218
2003011300
2003011306
2003011312
2003011318
2003011400
2003011406
2003011412
2003011418
2003011500
2003011506
2003011512
2003011518
2003011600
2003011606
2003011612
2003011618
2003011700
2003011706
2003011712
2003011718
2003011800
2003011806
2003011812
2003011818
2003011900
2003011906
2003011912
2003011918
2003012000
2003012006
2003012012
2003012018
2003012100
2003012106
2003012112
2003012118
2003012200
2003012206
2003012212
2003012218
2003012300
2003012306
2003012312
2003012318
2003012400
2003012406
2003012412
2003012418
2003012500
2003012506
2003012512
2003012518
2003012600
2003012606
2003012612
2003012618
2003012700
2003012706
2003012712
2003012718
2003012800
2003012806
2003012812
2003012818
2003012900
2003012906
2003012912
2003012918
2003013000
2003013006
2003013012
2003013018
2003013100
2003013106
2003013112
2003013118
2003020100
2003020106
2003020112
2003020118
2003020200
2003020206
2003020212
2003020218
2003020300
2003020306
2003020312
2003020318
2003020400
2003020406
2003020412
2003020418
2003020500
2003020506
2003020512
2003020518
2003020600
2003020606
2003020612
2003020618
2003020700
2003020706
2003020712
2003020718
2003020800
2003020806
2003020812
2003020818
2003020900
2003020906
2003020912
2003020918
2003021000
2003021006
2003021012
2003021018
2003021100
2003021106
2003021112
2003021118
2003021200
2003021206
2003021212
2003021218
2003021300
2003021306
2003021312
2003021318
2003021400
2003021406
2003021412
2003021418
2003021500
2003021506
2003021512
2003021518
2003021600
2003021606
2003021612
2003021618
2003021700
2003021706
2003021712
2003021718
2003021800
2003021806
2003021812
2003021818
2003021900
2003021906
2003021912
2003021918
2003022000
2003022006
2003022012
2003022018
2003022100
2003022106
2003022112
2003022118
2003022200
2003022206
2003022212
2003022218
2003022300
2003022306
2003022312
2003022318
2003022400
2003022406
2003022412
2003022418
2003022500
2003022506
2003022512
2003022518
2003022600
2003022606
2003022612
2003022618
2003022700
2003022706
2003022712
2003022718
2003022800
2003022806
2003022812
2003022818
2003030100
2003030106
2003030112
2003030118
2003030200
2003030206
2003030212
2003030218
2003030300
2003030306
2003030312
2003030318
2003030400
2003030406
2003030412
2003030418
2003030500
2003030506
2003030512
2003030518
2003030600
2003030606
2003030612
2003030618
2003030700
2003030706
2003030712
2003030718
2003030800
2003030806
2003030812
2003030818
2003030900
2003030906
2003030912
2003030918
2003031000
2003031006
2003031012
2003031018
2003031100
2003031106
2003031112
2003031118
2003031200
2003031206
2003031212
2003031218
2003031300
2003031306
2003031312
2003031318
2003031400
2003031406
2003031412
2003031418
2003031500
2003031506
2003031512
2003031518
2003031600
2003031606
2003031612
2003031618
2003031700
2003031706
2003031712
2003031718
2003031800
2003031806
2003031812
2003031818
2003031900
2003031906
2003031912
2003031918
2003032000
2003032006
2003032012
2003032018
2003032100
2003032106
2003032112
2003032118
2003032200
2003032206
2003032212
2003032218
2003032300
2003032306
2003032312
2003032318
2003032400
2003032406
2003032412
2003032418
2003032500
2003032506
2003032512
2003032518
2003032600
2003032606
2003032612
2003032618
2003032700
2003032706
2003032712
2003032718
2003032800
2003032806
2003032812
2003032818
2003032900
2003032906
2003032912
2003032918
2003033000
2003033006
2003033012
2003033018
2003033100
2003033106
2003033112
2003033118
2003110100
2003110106
2003110112
2003110118
2003110200
2003110206
2003110212
2003110218
2003110300
2003110306
2003110312
2003110318
2003110400
2003110406
2003110412
2003110418
2003110500
2003110506
2003110512
2003110518
2003110600
2003110606
2003110612
2003110618
2003110700
2003110706
2003110712
2003110718
2003110800
2003110806
2003110812
2003110818
2003110900
2003110906
2003110912
2003110918
2003111000
2003111006
2003111012
2003111018
2003111100
2003111106
2003111112
2003111118
2003111200
2003111206
2003111212
2003111218
2003111300
2003111306
2003111312
2003111318
2003111400
2003111406
2003111412
2003111418
2003111500
2003111506
2003111512
2003111518
2003111600
2003111606
2003111612
2003111618
2003111700
2003111706
2003111712
2003111718
2003111800
2003111806
2003111812
2003111818
2003111900
2003111906
2003111912
2003111918
2003112000
2003112006
2003112012
2003112018
2003112100
2003112106
2003112112
2003112118
2003112200
2003112206
2003112212
2003112218
2003112300
2003112306
2003112312
2003112318
2003112400
2003112406
2003112412
2003112418
2003112500
2003112506
2003112512
2003112518
2003112600
2003112606
2003112612
2003112618
2003112700
2003112706
2003112712
2003112718
2003112800
2003112806
2003112812
2003112818
2003112900
2003112906
2003112912
2003112918
2003113000
2003113006
2003113012
2003113018
2003120100
2003120106
2003120112
2003120118
2003120200
2003120206
2003120212
2003120218
2003120300
2003120306
2003120312
2003120318
2003120400
2003120406
2003120412
2003120418
2003120500
2003120506
2003120512
2003120518
2003120600
2003120606
2003120612
2003120618
2003120700
2003120706
2003120712
2003120718
2003120800
2003120806
2003120812
2003120818
2003120900
2003120906
2003120912
2003120918
2003121000
2003121006
2003121012
2003121018
2003121100
2003121106
2003121112
2003121118
2003121200
2003121206
2003121212
2003121218
2003121300
2003121306
2003121312
2003121318
2003121400
2003121406
2003121412
2003121418
2003121500
2003121506
2003121512
2003121518
2003121600
2003121606
2003121612
2003121618
2003121700
2003121706
2003121712
2003121718
2003121800
2003121806
2003121812
2003121818
2003121900
2003121906
2003121912
2003121918
2003122000
2003122006
2003122012
2003122018
2003122100
2003122106
2003122112
2003122118
2003122200
2003122206
2003122212
2003122218
2003122300
2003122306
2003122312
2003122318
2003122400
2003122406
2003122412
2003122418
2003122500
2003122506
2003122512
2003122518
2003122600
2003122606
2003122612
2003122618
2003122700
2003122706
2003122712
2003122718
2003122800
2003122806
2003122812
2003122818
2003122900
2003122906
2003122912
2003122918
2003123000
2003123006
2003123012
2003123018
2003123100
2003123106
2003123112
2003123118
2004010100
2004010106
2004010112
2004010118
2004010200
2004010206
2004010212
2004010218
2004010300
2004010306
2004010312
2004010318
2004010400
2004010406
2004010412
2004010418
2004010500
2004010506
2004010512
2004010518
2004010600
2004010606
2004010612
2004010618
2004010700
2004010706
2004010712
2004010718
2004010800
2004010806
2004010812
2004010818
2004010900
2004010906
2004010912
2004010918
2004011000
2004011006
2004011012
2004011018
2004011100
2004011106
2004011112
2004011118
2004011200
2004011206
2004011212
2004011218
2004011300
2004011306
2004011312
2004011318
2004011400
2004011406
2004011412
2004011418
2004011500
2004011506
2004011512
2004011518
2004011600
2004011606
2004011612
2004011618
2004011700
2004011706
2004011712
2004011718
2004011800
2004011806
2004011812
2004011818
2004011900
2004011906
2004011912
2004011918
2004012000
2004012006
2004012012
2004012018
2004012100
2004012106
2004012112
2004012118
2004012200
2004012206
2004012212
2004012218
2004012300
2004012306
2004012312
2004012318
2004012400
2004012406
2004012412
2004012418
2004012500
2004012506
2004012512
2004012518
2004012600
2004012606
2004012612
2004012618
2004012700
2004012706
2004012712
2004012718
2004012800
2004012806
2004012812
2004012818
2004012900
2004012906
2004012912
2004012918
2004013000
2004013006
2004013012
2004013018
2004013100
2004013106
2004013112
2004013118
2004020100
2004020106
2004020112
2004020118
2004020200
2004020206
2004020212
2004020218
2004020300
2004020306
2004020312
2004020318
2004020400
2004020406
2004020412
2004020418
2004020500
2004020506
2004020512
2004020518
2004020600
2004020606
2004020612
2004020618
2004020700
2004020706
2004020712
2004020718
2004020800
2004020806
2004020812
2004020818
2004020900
2004020906
2004020912
2004020918
2004021000
2004021006
2004021012
2004021018
2004021100
2004021106
2004021112
2004021118
2004021200
2004021206
2004021212
2004021218
2004021300
2004021306
2004021312
2004021318
2004021400
2004021406
2004021412
2004021418
2004021500
2004021506
2004021512
2004021518
2004021600
2004021606
2004021612
2004021618
2004021700
2004021706
2004021712
2004021718
2004021800
2004021806
2004021812
2004021818
2004021900
2004021906
2004021912
2004021918
2004022000
2004022006
2004022012
2004022018
2004022100
2004022106
2004022112
2004022118
2004022200
2004022206
2004022212
2004022218
2004022300
2004022306
2004022312
2004022318
2004022400
2004022406
2004022412
2004022418
2004022500
2004022506
2004022512
2004022518
2004022600
2004022606
2004022612
2004022618
2004022700
2004022706
2004022712
2004022718
2004022800
2004022806
2004022812
2004022818
2004022900
2004022906
2004022912
2004022918
2004030100
2004030106
2004030112
2004030118
2004030200
2004030206
2004030212
2004030218
2004030300
2004030306
2004030312
2004030318
2004030400
2004030406
2004030412
2004030418
2004030500
2004030506
2004030512
2004030518
2004030600
2004030606
2004030612
2004030618
2004030700
2004030706
2004030712
2004030718
2004030800
2004030806
2004030812
2004030818
2004030900
2004030906
2004030912
2004030918
2004031000
2004031006
2004031012
2004031018
2004031100
2004031106
2004031112
2004031118
2004031200
2004031206
2004031212
2004031218
2004031300
2004031306
2004031312
2004031318
2004031400
2004031406
2004031412
2004031418
2004031500
2004031506
2004031512
2004031518
2004031600
2004031606
2004031612
2004031618
2004031700
2004031706
2004031712
2004031718
2004031800
2004031806
2004031812
2004031818
2004031900
2004031906
2004031912
2004031918
2004032000
2004032006
2004032012
2004032018
2004032100
2004032106
2004032112
2004032118
2004032200
2004032206
2004032212
2004032218
2004032300
2004032306
2004032312
2004032318
2004032400
2004032406
2004032412
2004032418
2004032500
2004032506
2004032512
2004032518
2004032600
2004032606
2004032612
2004032618
2004032700
2004032706
2004032712
2004032718
2004032800
2004032806
2004032812
2004032818
2004032900
2004032906
2004032912
2004032918
2004033000
2004033006
2004033012
2004033018
2004033100
2004033106
2004033112
2004033118
2004110100
2004110106
2004110112
2004110118
2004110200
2004110206
2004110212
2004110218
2004110300
2004110306
2004110312
2004110318
2004110400
2004110406
2004110412
2004110418
2004110500
2004110506
2004110512
2004110518
2004110600
2004110606
2004110612
2004110618
2004110700
2004110706
2004110712
2004110718
2004110800
2004110806
2004110812
2004110818
2004110900
2004110906
2004110912
2004110918
2004111000
2004111006
2004111012
2004111018
2004111100
2004111106
2004111112
2004111118
2004111200
2004111206
2004111212
2004111218
2004111300
2004111306
2004111312
2004111318
2004111400
2004111406
2004111412
2004111418
2004111500
2004111506
2004111512
2004111518
2004111600
2004111606
2004111612
2004111618
2004111700
2004111706
2004111712
2004111718
2004111800
2004111806
2004111812
2004111818
2004111900
2004111906
2004111912
2004111918
2004112000
2004112006
2004112012
2004112018
2004112100
2004112106
2004112112
2004112118
2004112200
2004112206
2004112212
2004112218
2004112300
2004112306
2004112312
2004112318
2004112400
2004112406
2004112412
2004112418
2004112500
2004112506
2004112512
2004112518
2004112600
2004112606
2004112612
2004112618
2004112700
2004112706
2004112712
2004112718
2004112800
2004112806
2004112812
2004112818
2004112900
2004112906
2004112912
2004112918
2004113000
2004113006
2004113012
2004113018
2004120100
2004120106
2004120112
2004120118
2004120200
2004120206
2004120212
2004120218
2004120300
2004120306
2004120312
2004120318
2004120400
2004120406
2004120412
2004120418
2004120500
2004120506
2004120512
2004120518
2004120600
2004120606
2004120612
2004120618
2004120700
2004120706
2004120712
2004120718
2004120800
2004120806
2004120812
2004120818
2004120900
2004120906
2004120912
2004120918
2004121000
2004121006
2004121012
2004121018
2004121100
2004121106
2004121112
2004121118
2004121200
2004121206
2004121212
2004121218
2004121300
2004121306
2004121312
2004121318
2004121400
2004121406
2004121412
2004121418
2004121500
2004121506
2004121512
2004121518
2004121600
2004121606
2004121612
2004121618
2004121700
2004121706
2004121712
2004121718
2004121800
2004121806
2004121812
2004121818
2004121900
2004121906
2004121912
2004121918
2004122000
2004122006
2004122012
2004122018
2004122100
2004122106
2004122112
2004122118
2004122200
2004122206
2004122212
2004122218
2004122300
2004122306
2004122312
2004122318
2004122400
2004122406
2004122412
2004122418
2004122500
2004122506
2004122512
2004122518
2004122600
2004122606
2004122612
2004122618
2004122700
2004122706
2004122712
2004122718
2004122800
2004122806
2004122812
2004122818
2004122900
2004122906
2004122912
2004122918
2004123000
2004123006
2004123012
2004123018
2004123100
2004123106
2004123112
2004123118
2005010100
2005010106
2005010112
2005010118
2005010200
2005010206
2005010212
2005010218
2005010300
2005010306
2005010312
2005010318
2005010400
2005010406
2005010412
2005010418
2005010500
2005010506
2005010512
2005010518
2005010600
2005010606
2005010612
2005010618
2005010700
2005010706
2005010712
2005010718
2005010800
2005010806
2005010812
2005010818
2005010900
2005010906
2005010912
2005010918
2005011000
2005011006
2005011012
2005011018
2005011100
2005011106
2005011112
2005011118
2005011200
2005011206
2005011212
2005011218
2005011300
2005011306
2005011312
2005011318
2005011400
2005011406
2005011412
2005011418
2005011500
2005011506
2005011512
2005011518
2005011600
2005011606
2005011612
2005011618
2005011700
2005011706
2005011712
2005011718
2005011800
2005011806
2005011812
2005011818
2005011900
2005011906
2005011912
2005011918
2005012000
2005012006
2005012012
2005012018
2005012100
2005012106
2005012112
2005012118
2005012200
2005012206
2005012212
2005012218
2005012300
2005012306
2005012312
2005012318
2005012400
2005012406
2005012412
2005012418
2005012500
2005012506
2005012512
2005012518
2005012600
2005012606
2005012612
2005012618
2005012700
2005012706
2005012712
2005012718
2005012800
2005012806
2005012812
2005012818
2005012900
2005012906
2005012912
2005012918
2005013000
2005013006
2005013012
2005013018
2005013100
2005013106
2005013112
2005013118
2005020100
2005020106
2005020112
2005020118
2005020200
2005020206
2005020212
2005020218
2005020300
2005020306
2005020312
2005020318
2005020400
2005020406
2005020412
2005020418
2005020500
2005020506
2005020512
2005020518
2005020600
2005020606
2005020612
2005020618
2005020700
2005020706
2005020712
2005020718
2005020800
2005020806
2005020812
2005020818
2005020900
2005020906
2005020912
2005020918
2005021000
2005021006
2005021012
2005021018
2005021100
2005021106
2005021112
2005021118
2005021200
2005021206
2005021212
2005021218
2005021300
2005021306
2005021312
2005021318
2005021400
2005021406
2005021412
2005021418
2005021500
2005021506
2005021512
2005021518
2005021600
2005021606
2005021612
2005021618
2005021700
2005021706
2005021712
2005021718
2005021800
2005021806
2005021812
2005021818
2005021900
2005021906
2005021912
2005021918
2005022000
2005022006
2005022012
2005022018
2005022100
2005022106
2005022112
2005022118
2005022200
2005022206
2005022212
2005022218
2005022300
2005022306
2005022312
2005022318
2005022400
2005022406
2005022412
2005022418
2005022500
2005022506
2005022512
2005022518
2005022600
2005022606
2005022612
2005022618
2005022700
2005022706
2005022712
2005022718
2005022800
2005022806
2005022812
2005022818
2005030100
2005030106
2005030112
2005030118
2005030200
2005030206
2005030212
2005030218
2005030300
2005030306
2005030312
2005030318
2005030400
2005030406
2005030412
2005030418
2005030500
2005030506
2005030512
2005030518
2005030600
2005030606
2005030612
2005030618
2005030700
2005030706
2005030712
2005030718
2005030800
2005030806
2005030812
2005030818
2005030900
2005030906
2005030912
2005030918
2005031000
2005031006
2005031012
2005031018
2005031100
2005031106
2005031112
2005031118
2005031200
2005031206
2005031212
2005031218
2005031300
2005031306
2005031312
2005031318
2005031400
2005031406
2005031412
2005031418
2005031500
2005031506
2005031512
2005031518
2005031600
2005031606
2005031612
2005031618
2005031700
2005031706
2005031712
2005031718
2005031800
2005031806
2005031812
2005031818
2005031900
2005031906
2005031912
2005031918
2005032000
2005032006
2005032012
2005032018
2005032100
2005032106
2005032112
2005032118
2005032200
2005032206
2005032212
2005032218
2005032300
2005032306
2005032312
2005032318
2005032400
2005032406
2005032412
2005032418
2005032500
2005032506
2005032512
2005032518
2005032600
2005032606
2005032612
2005032618
2005032700
2005032706
2005032712
2005032718
2005032800
2005032806
2005032812
2005032818
2005032900
2005032906
2005032912
2005032918
2005033000
2005033006
2005033012
2005033018
2005033100
2005033106
2005033112
2005033118
2005110100
2005110106
2005110112
2005110118
2005110200
2005110206
2005110212
2005110218
2005110300
2005110306
2005110312
2005110318
2005110400
2005110406
2005110412
2005110418
2005110500
2005110506
2005110512
2005110518
2005110600
2005110606
2005110612
2005110618
2005110700
2005110706
2005110712
2005110718
2005110800
2005110806
2005110812
2005110818
2005110900
2005110906
2005110912
2005110918
2005111000
2005111006
2005111012
2005111018
2005111100
2005111106
2005111112
2005111118
2005111200
2005111206
2005111212
2005111218
2005111300
2005111306
2005111312
2005111318
2005111400
2005111406
2005111412
2005111418
2005111500
2005111506
2005111512
2005111518
2005111600
2005111606
2005111612
2005111618
2005111700
2005111706
2005111712
2005111718
2005111800
2005111806
2005111812
2005111818
2005111900
2005111906
2005111912
2005111918
2005112000
2005112006
2005112012
2005112018
2005112100
2005112106
2005112112
2005112118
2005112200
2005112206
2005112212
2005112218
2005112300
2005112306
2005112312
2005112318
2005112400
2005112406
2005112412
2005112418
2005112500
2005112506
2005112512
2005112518
2005112600
2005112606
2005112612
2005112618
2005112700
2005112706
2005112712
2005112718
2005112800
2005112806
2005112812
2005112818
2005112900
2005112906
2005112912
2005112918
2005113000
2005113006
2005113012
2005113018
2005120100
2005120106
2005120112
2005120118
2005120200
2005120206
2005120212
2005120218
2005120300
2005120306
2005120312
2005120318
2005120400
2005120406
2005120412
2005120418
2005120500
2005120506
2005120512
2005120518
2005120600
2005120606
2005120612
2005120618
2005120700
2005120706
2005120712
2005120718
2005120800
2005120806
2005120812
2005120818
2005120900
2005120906
2005120912
2005120918
2005121000
2005121006
2005121012
2005121018
2005121100
2005121106
2005121112
2005121118
2005121200
2005121206
2005121212
2005121218
2005121300
2005121306
2005121312
2005121318
2005121400
2005121406
2005121412
2005121418
2005121500
2005121506
2005121512
2005121518
2005121600
2005121606
2005121612
2005121618
2005121700
2005121706
2005121712
2005121718
2005121800
2005121806
2005121812
2005121818
2005121900
2005121906
2005121912
2005121918
2005122000
2005122006
2005122012
2005122018
2005122100
2005122106
2005122112
2005122118
2005122200
2005122206
2005122212
2005122218
2005122300
2005122306
2005122312
2005122318
2005122400
2005122406
2005122412
2005122418
2005122500
2005122506
2005122512
2005122518
2005122600
2005122606
2005122612
2005122618
2005122700
2005122706
2005122712
2005122718
2005122800
2005122806
2005122812
2005122818
2005122900
2005122906
2005122912
2005122918
2005123000
2005123006
2005123012
2005123018
2005123100
2005123106
2005123112
2005123118
2006010100
2006010106
2006010112
2006010118
2006010200
2006010206
2006010212
2006010218
2006010300
2006010306
2006010312
2006010318
2006010400
2006010406
2006010412
2006010418
2006010500
2006010506
2006010512
2006010518
2006010600
2006010606
2006010612
2006010618
2006010700
2006010706
2006010712
2006010718
2006010800
2006010806
2006010812
2006010818
2006010900
2006010906
2006010912
2006010918
2006011000
2006011006
2006011012
2006011018
2006011100
2006011106
2006011112
2006011118
2006011200
2006011206
2006011212
2006011218
2006011300
2006011306
2006011312
2006011318
2006011400
2006011406
2006011412
2006011418
2006011500
2006011506
2006011512
2006011518
2006011600
2006011606
2006011612
2006011618
2006011700
2006011706
2006011712
2006011718
2006011800
2006011806
2006011812
2006011818
2006011900
2006011906
2006011912
2006011918
2006012000
2006012006
2006012012
2006012018
2006012100
2006012106
2006012112
2006012118
2006012200
2006012206
2006012212
2006012218
2006012300
2006012306
2006012312
2006012318
2006012400
2006012406
2006012412
2006012418
2006012500
2006012506
2006012512
2006012518
2006012600
2006012606
2006012612
2006012618
2006012700
2006012706
2006012712
2006012718
2006012800
2006012806
2006012812
2006012818
2006012900
2006012906
2006012912
2006012918
2006013000
2006013006
2006013012
2006013018
2006013100
2006013106
2006013112
2006013118
2006020100
2006020106
2006020112
2006020118
2006020200
2006020206
2006020212
2006020218
2006020300
2006020306
2006020312
2006020318
2006020400
2006020406
2006020412
2006020418
2006020500
2006020506
2006020512
2006020518
2006020600
2006020606
2006020612
2006020618
2006020700
2006020706
2006020712
2006020718
2006020800
2006020806
2006020812
2006020818
2006020900
2006020906
2006020912
2006020918
2006021000
2006021006
2006021012
2006021018
2006021100
2006021106
2006021112
2006021118
2006021200
2006021206
2006021212
2006021218
2006021300
2006021306
2006021312
2006021318
2006021400
2006021406
2006021412
2006021418
2006021500
2006021506
2006021512
2006021518
2006021600
2006021606
2006021612
2006021618
2006021700
2006021706
2006021712
2006021718
2006021800
2006021806
2006021812
2006021818
2006021900
2006021906
2006021912
2006021918
2006022000
2006022006
2006022012
2006022018
2006022100
2006022106
2006022112
2006022118
2006022200
2006022206
2006022212
2006022218
2006022300
2006022306
2006022312
2006022318
2006022400
2006022406
2006022412
2006022418
2006022500
2006022506
2006022512
2006022518
2006022600
2006022606
2006022612
2006022618
2006022700
2006022706
2006022712
2006022718
2006022800
2006022806
2006022812
2006022818
2006030100
2006030106
2006030112
2006030118
2006030200
2006030206
2006030212
2006030218
2006030300
2006030306
2006030312
2006030318
2006030400
2006030406
2006030412
2006030418
2006030500
2006030506
2006030512
2006030518
2006030600
2006030606
2006030612
2006030618
2006030700
2006030706
2006030712
2006030718
2006030800
2006030806
2006030812
2006030818
2006030900
2006030906
2006030912
2006030918
2006031000
2006031006
2006031012
2006031018
2006031100
2006031106
2006031112
2006031118
2006031200
2006031206
2006031212
2006031218
2006031300
2006031306
2006031312
2006031318
2006031400
2006031406
2006031412
2006031418
2006031500
2006031506
2006031512
2006031518
2006031600
2006031606
2006031612
2006031618
2006031700
2006031706
2006031712
2006031718
2006031800
2006031806
2006031812
2006031818
2006031900
2006031906
2006031912
2006031918
2006032000
2006032006
2006032012
2006032018
2006032100
2006032106
2006032112
2006032118
2006032200
2006032206
2006032212
2006032218
2006032300
2006032306
2006032312
2006032318
2006032400
2006032406
2006032412
2006032418
2006032500
2006032506
2006032512
2006032518
2006032600
2006032606
2006032612
2006032618
2006032700
2006032706
2006032712
2006032718
2006032800
2006032806
2006032812
2006032818
2006032900
2006032906
2006032912
2006032918
2006033000
2006033006
2006033012
2006033018
2006033100
2006033106
2006033112
2006033118
2006110100
2006110106
2006110112
2006110118
2006110200
2006110206
2006110212
2006110218
2006110300
2006110306
2006110312
2006110318
2006110400
2006110406
2006110412
2006110418
2006110500
2006110506
2006110512
2006110518
2006110600
2006110606
2006110612
2006110618
2006110700
2006110706
2006110712
2006110718
2006110800
2006110806
2006110812
2006110818
2006110900
2006110906
2006110912
2006110918
2006111000
2006111006
2006111012
2006111018
2006111100
2006111106
2006111112
2006111118
2006111200
2006111206
2006111212
2006111218
2006111300
2006111306
2006111312
2006111318
2006111400
2006111406
2006111412
2006111418
2006111500
2006111506
2006111512
2006111518
2006111600
2006111606
2006111612
2006111618
2006111700
2006111706
2006111712
2006111718
2006111800
2006111806
2006111812
2006111818
2006111900
2006111906
2006111912
2006111918
2006112000
2006112006
2006112012
2006112018
2006112100
2006112106
2006112112
2006112118
2006112200
2006112206
2006112212
2006112218
2006112300
2006112306
2006112312
2006112318
2006112400
2006112406
2006112412
2006112418
2006112500
2006112506
2006112512
2006112518
2006112600
2006112606
2006112612
2006112618
2006112700
2006112706
2006112712
2006112718
2006112800
2006112806
2006112812
2006112818
2006112900
2006112906
2006112912
2006112918
2006113000
2006113006
2006113012
2006113018
2006120100
2006120106
2006120112
2006120118
2006120200
2006120206
2006120212
2006120218
2006120300
2006120306
2006120312
2006120318
2006120400
2006120406
2006120412
2006120418
2006120500
2006120506
2006120512
2006120518
2006120600
2006120606
2006120612
2006120618
2006120700
2006120706
2006120712
2006120718
2006120800
2006120806
2006120812
2006120818
2006120900
2006120906
2006120912
2006120918
2006121000
2006121006
2006121012
2006121018
2006121100
2006121106
2006121112
2006121118
2006121200
2006121206
2006121212
2006121218
2006121300
2006121306
2006121312
2006121318
2006121400
2006121406
2006121412
2006121418
2006121500
2006121506
2006121512
2006121518
2006121600
2006121606
2006121612
2006121618
2006121700
2006121706
2006121712
2006121718
2006121800
2006121806
2006121812
2006121818
2006121900
2006121906
2006121912
2006121918
2006122000
2006122006
2006122012
2006122018
2006122100
2006122106
2006122112
2006122118
2006122200
2006122206
2006122212
2006122218
2006122300
2006122306
2006122312
2006122318
2006122400
2006122406
2006122412
2006122418
2006122500
2006122506
2006122512
2006122518
2006122600
2006122606
2006122612
2006122618
2006122700
2006122706
2006122712
2006122718
2006122800
2006122806
2006122812
2006122818
2006122900
2006122906
2006122912
2006122918
2006123000
2006123006
2006123012
2006123018
2006123100
2006123106
2006123112
2006123118
2007010100
2007010106
2007010112
2007010118
2007010200
2007010206
2007010212
2007010218
2007010300
2007010306
2007010312
2007010318
2007010400
2007010406
2007010412
2007010418
2007010500
2007010506
2007010512
2007010518
2007010600
2007010606
2007010612
2007010618
2007010700
2007010706
2007010712
2007010718
2007010800
2007010806
2007010812
2007010818
2007010900
2007010906
2007010912
2007010918
2007011000
2007011006
2007011012
2007011018
2007011100
2007011106
2007011112
2007011118
2007011200
2007011206
2007011212
2007011218
2007011300
2007011306
2007011312
2007011318
2007011400
2007011406
2007011412
2007011418
2007011500
2007011506
2007011512
2007011518
2007011600
2007011606
2007011612
2007011618
2007011700
2007011706
2007011712
2007011718
2007011800
2007011806
2007011812
2007011818
2007011900
2007011906
2007011912
2007011918
2007012000
2007012006
2007012012
2007012018
2007012100
2007012106
2007012112
2007012118
2007012200
2007012206
2007012212
2007012218
2007012300
2007012306
2007012312
2007012318
2007012400
2007012406
2007012412
2007012418
2007012500
2007012506
2007012512
2007012518
2007012600
2007012606
2007012612
2007012618
2007012700
2007012706
2007012712
2007012718
2007012800
2007012806
2007012812
2007012818
2007012900
2007012906
2007012912
2007012918
2007013000
2007013006
2007013012
2007013018
2007013100
2007013106
2007013112
2007013118
2007020100
2007020106
2007020112
2007020118
2007020200
2007020206
2007020212
2007020218
2007020300
2007020306
2007020312
2007020318
2007020400
2007020406
2007020412
2007020418
2007020500
2007020506
2007020512
2007020518
2007020600
2007020606
2007020612
2007020618
2007020700
2007020706
2007020712
2007020718
2007020800
2007020806
2007020812
2007020818
2007020900
2007020906
2007020912
2007020918
2007021000
2007021006
2007021012
2007021018
2007021100
2007021106
2007021112
2007021118
2007021200
2007021206
2007021212
2007021218
2007021300
2007021306
2007021312
2007021318
2007021400
2007021406
2007021412
2007021418
2007021500
2007021506
2007021512
2007021518
2007021600
2007021606
2007021612
2007021618
2007021700
2007021706
2007021712
2007021718
2007021800
2007021806
2007021812
2007021818
2007021900
2007021906
2007021912
2007021918
2007022000
2007022006
2007022012
2007022018
2007022100
2007022106
2007022112
2007022118
2007022200
2007022206
2007022212
2007022218
2007022300
2007022306
2007022312
2007022318
2007022400
2007022406
2007022412
2007022418
2007022500
2007022506
2007022512
2007022518
2007022600
2007022606
2007022612
2007022618
2007022700
2007022706
2007022712
2007022718
2007022800
2007022806
2007022812
2007022818
2007030100
2007030106
2007030112
2007030118
2007030200
2007030206
2007030212
2007030218
2007030300
2007030306
2007030312
2007030318
2007030400
2007030406
2007030412
2007030418
2007030500
2007030506
2007030512
2007030518
2007030600
2007030606
2007030612
2007030618
2007030700
2007030706
2007030712
2007030718
2007030800
2007030806
2007030812
2007030818
2007030900
2007030906
2007030912
2007030918
2007031000
2007031006
2007031012
2007031018
2007031100
2007031106
2007031112
2007031118
2007031200
2007031206
2007031212
2007031218
2007031300
2007031306
2007031312
2007031318
2007031400
2007031406
2007031412
2007031418
2007031500
2007031506
2007031512
2007031518
2007031600
2007031606
2007031612
2007031618
2007031700
2007031706
2007031712
2007031718
2007031800
2007031806
2007031812
2007031818
2007031900
2007031906
2007031912
2007031918
2007032000
2007032006
2007032012
2007032018
2007032100
2007032106
2007032112
2007032118
2007032200
2007032206
2007032212
2007032218
2007032300
2007032306
2007032312
2007032318
2007032400
2007032406
2007032412
2007032418
2007032500
2007032506
2007032512
2007032518
2007032600
2007032606
2007032612
2007032618
2007032700
2007032706
2007032712
2007032718
2007032800
2007032806
2007032812
2007032818
2007032900
2007032906
2007032912
2007032918
2007033000
2007033006
2007033012
2007033018
2007033100
2007033106
2007033112
2007033118
2007110100
2007110106
2007110112
2007110118
2007110200
2007110206
2007110212
2007110218
2007110300
2007110306
2007110312
2007110318
2007110400
2007110406
2007110412
2007110418
2007110500
2007110506
2007110512
2007110518
2007110600
2007110606
2007110612
2007110618
2007110700
2007110706
2007110712
2007110718
2007110800
2007110806
2007110812
2007110818
2007110900
2007110906
2007110912
2007110918
2007111000
2007111006
2007111012
2007111018
2007111100
2007111106
2007111112
2007111118
2007111200
2007111206
2007111212
2007111218
2007111300
2007111306
2007111312
2007111318
2007111400
2007111406
2007111412
2007111418
2007111500
2007111506
2007111512
2007111518
2007111600
2007111606
2007111612
2007111618
2007111700
2007111706
2007111712
2007111718
2007111800
2007111806
2007111812
2007111818
2007111900
2007111906
2007111912
2007111918
2007112000
2007112006
2007112012
2007112018
2007112100
2007112106
2007112112
2007112118
2007112200
2007112206
2007112212
2007112218
2007112300
2007112306
2007112312
2007112318
2007112400
2007112406
2007112412
2007112418
2007112500
2007112506
2007112512
2007112518
2007112600
2007112606
2007112612
2007112618
2007112700
2007112706
2007112712
2007112718
2007112800
2007112806
2007112812
2007112818
2007112900
2007112906
2007112912
2007112918
2007113000
2007113006
2007113012
2007113018
2007120100
2007120106
2007120112
2007120118
2007120200
2007120206
2007120212
2007120218
2007120300
2007120306
2007120312
2007120318
2007120400
2007120406
2007120412
2007120418
2007120500
2007120506
2007120512
2007120518
2007120600
2007120606
2007120612
2007120618
2007120700
2007120706
2007120712
2007120718
2007120800
2007120806
2007120812
2007120818
2007120900
2007120906
2007120912
2007120918
2007121000
2007121006
2007121012
2007121018
2007121100
2007121106
2007121112
2007121118
2007121200
2007121206
2007121212
2007121218
2007121300
2007121306
2007121312
2007121318
2007121400
2007121406
2007121412
2007121418
2007121500
2007121506
2007121512
2007121518
2007121600
2007121606
2007121612
2007121618
2007121700
2007121706
2007121712
2007121718
2007121800
2007121806
2007121812
2007121818
2007121900
2007121906
2007121912
2007121918
2007122000
2007122006
2007122012
2007122018
2007122100
2007122106
2007122112
2007122118
2007122200
2007122206
2007122212
2007122218
2007122300
2007122306
2007122312
2007122318
2007122400
2007122406
2007122412
2007122418
2007122500
2007122506
2007122512
2007122518
2007122600
2007122606
2007122612
2007122618
2007122700
2007122706
2007122712
2007122718
2007122800
2007122806
2007122812
2007122818
2007122900
2007122906
2007122912
2007122918
2007123000
2007123006
2007123012
2007123018
2007123100
2007123106
2007123112
