0,2,1990-11-01,1,2,1990-11-02,2,
0,2,1990-11-02,0,0,0000-00-00,2,
1,2,1990-11-03,1,1,1990-11-03,1,
2,2,1990-11-04,1,4,1990-11-07,4,
2,2,1990-11-05,0,0,0000-00-00,4,
2,2,1990-11-06,0,0,0000-00-00,4,
2,2,1990-11-07,0,0,0000-00-00,4,
0,2,1990-11-08,1,2,1990-11-09,2,
0,2,1990-11-09,0,0,0000-00-00,2,
0,1,1990-11-10,1,1,1990-11-10,1,
0,2,1990-11-11,1,2,1990-11-12,2,
0,2,1990-11-12,0,0,0000-00-00,2,
1,1,1990-11-13,1,1,1990-11-13,1,
2,1,1990-11-14,1,2,1990-11-15,2,
2,1,1990-11-15,0,0,0000-00-00,2,
3,1,1990-11-16,1,1,1990-11-16,1,
3,0,1990-11-17,1,1,1990-11-17,1,
2,0,1990-11-18,1,1,1990-11-18,1,
1,0,1990-11-19,1,1,1990-11-19,1,
1,1,1990-11-20,1,1,1990-11-20,1,
3,2,1990-11-21,1,1,1990-11-21,1,
3,0,1990-11-22,1,1,1990-11-22,1,
1,0,1990-11-23,1,1,1990-11-23,1,
0,1,1990-11-24,1,1,1990-11-24,1,
2,2,1990-11-25,1,1,1990-11-25,1,
3,2,1990-11-26,1,1,1990-11-26,1,
2,2,1990-11-27,1,3,1990-11-29,3,
2,2,1990-11-28,0,0,0000-00-00,3,
2,2,1990-11-29,0,0,0000-00-00,3,
3,2,1990-11-30,1,1,1990-11-30,1,
3,1,1990-12-01,1,2,1990-12-02,2,
3,1,1990-12-02,0,0,0000-00-00,2,
3,2,1990-12-03,1,1,1990-12-03,1,
2,1,1990-12-04,1,1,1990-12-04,1,
3,0,1990-12-05,1,1,1990-12-05,1,
1,0,1990-12-06,1,1,1990-12-06,1,
2,2,1990-12-07,1,1,1990-12-07,1,
3,2,1990-12-08,1,1,1990-12-08,1,
3,1,1990-12-09,1,1,1990-12-09,1,
2,2,1990-12-10,1,2,1990-12-11,2,
2,2,1990-12-11,0,0,0000-00-00,2,
3,2,1990-12-12,1,4,1990-12-15,4,
3,2,1990-12-13,0,0,0000-00-00,4,
3,2,1990-12-14,0,0,0000-00-00,4,
3,2,1990-12-15,0,0,0000-00-00,4,
3,1,1990-12-16,1,2,1990-12-17,2,
3,1,1990-12-17,0,0,0000-00-00,2,
3,0,1990-12-18,1,1,1990-12-18,1,
2,2,1990-12-19,1,1,1990-12-19,1,
2,1,1990-12-20,1,1,1990-12-20,1,
3,0,1990-12-21,1,3,1990-12-23,3,
3,0,1990-12-22,0,0,0000-00-00,3,
3,0,1990-12-23,0,0,0000-00-00,3,
2,0,1990-12-24,1,2,1990-12-25,2,
2,0,1990-12-25,0,0,0000-00-00,2,
3,0,1990-12-26,1,3,1990-12-28,3,
3,0,1990-12-27,0,0,0000-00-00,3,
3,0,1990-12-28,0,0,0000-00-00,3,
2,0,1990-12-29,1,2,1990-12-30,2,
2,0,1990-12-30,0,0,0000-00-00,2,
1,1,1990-12-31,1,1,1990-12-31,1,
1,0,1991-01-01,1,1,1991-01-01,1,
0,0,1991-01-02,1,4,1991-01-05,4,
0,0,1991-01-03,0,0,0000-00-00,4,
0,0,1991-01-04,0,0,0000-00-00,4,
0,0,1991-01-05,0,0,0000-00-00,4,
1,0,1991-01-06,1,2,1991-01-07,2,
1,0,1991-01-07,0,0,0000-00-00,2,
0,0,1991-01-08,1,3,1991-01-10,3,
0,0,1991-01-09,0,0,0000-00-00,3,
0,0,1991-01-10,0,0,0000-00-00,3,
1,2,1991-01-11,1,1,1991-01-11,1,
0,2,1991-01-12,1,1,1991-01-12,1,
1,0,1991-01-13,1,1,1991-01-13,1,
2,1,1991-01-14,1,2,1991-01-15,2,
2,1,1991-01-15,0,0,0000-00-00,2,
3,1,1991-01-16,1,2,1991-01-17,2,
3,1,1991-01-17,0,0,0000-00-00,2,
3,0,1991-01-18,1,1,1991-01-18,1,
1,1,1991-01-19,1,1,1991-01-19,1,
2,2,1991-01-20,1,1,1991-01-20,1,
3,2,1991-01-21,1,1,1991-01-21,1,
2,2,1991-01-22,1,1,1991-01-22,1,
3,2,1991-01-23,1,1,1991-01-23,1,
2,2,1991-01-24,1,1,1991-01-24,1,
3,1,1991-01-25,1,1,1991-01-25,1,
2,2,1991-01-26,1,1,1991-01-26,1,
3,2,1991-01-27,1,1,1991-01-27,1,
3,1,1991-01-28,1,1,1991-01-28,1,
3,2,1991-01-29,1,1,1991-01-29,1,
3,1,1991-01-30,1,2,1991-01-31,2,
3,1,1991-01-31,0,0,0000-00-00,2,
2,2,1991-02-01,1,1,1991-02-01,1,
3,1,1991-02-02,1,4,1991-02-05,4,
3,1,1991-02-03,0,0,0000-00-00,4,
3,1,1991-02-04,0,0,0000-00-00,4,
3,1,1991-02-05,0,0,0000-00-00,4,
2,2,1991-02-06,1,1,1991-02-06,1,
1,2,1991-02-07,1,1,1991-02-07,1,
2,2,1991-02-08,1,2,1991-02-09,2,
2,2,1991-02-09,0,0,0000-00-00,2,
1,2,1991-02-10,1,1,1991-02-10,1,
2,2,1991-02-11,1,4,1991-02-14,4,
2,2,1991-02-12,0,0,0000-00-00,4,
2,2,1991-02-13,0,0,0000-00-00,4,
2,2,1991-02-14,0,0,0000-00-00,4,
2,1,1991-02-15,1,1,1991-02-15,1,
2,2,1991-02-16,1,2,1991-02-17,2,
2,2,1991-02-17,0,0,0000-00-00,2,
2,1,1991-02-18,1,1,1991-02-18,1,
3,0,1991-02-19,1,1,1991-02-19,1,
2,0,1991-02-20,1,1,1991-02-20,1,
1,0,1991-02-21,1,1,1991-02-21,1,
0,1,1991-02-22,1,2,1991-02-23,2,
0,1,1991-02-23,0,0,0000-00-00,2,
0,2,1991-02-24,1,1,1991-02-24,1,
0,1,1991-02-25,1,1,1991-02-25,1,
3,0,1991-02-26,1,1,1991-02-26,1,
3,1,1991-02-27,1,1,1991-02-27,1,
2,2,1991-02-28,1,1,1991-02-28,1,
1,1,1991-03-01,1,1,1991-03-01,1,
2,0,1991-03-02,1,1,1991-03-02,1,
1,1,1991-03-03,1,1,1991-03-03,1,
1,0,1991-03-04,1,1,1991-03-04,1,
0,0,1991-03-05,1,1,1991-03-05,1,
0,1,1991-03-06,1,2,1991-03-07,2,
0,1,1991-03-07,0,0,0000-00-00,2,
0,0,1991-03-08,1,2,1991-03-09,2,
0,0,1991-03-09,0,0,0000-00-00,2,
0,1,1991-03-10,1,1,1991-03-10,1,
0,2,1991-03-11,1,1,1991-03-11,1,
0,1,1991-03-12,1,1,1991-03-12,1,
0,2,1991-03-13,1,2,1991-03-14,2,
0,2,1991-03-14,0,0,0000-00-00,2,
0,0,1991-03-15,1,5,1991-03-19,5,
0,0,1991-03-16,0,0,0000-00-00,5,
0,0,1991-03-17,0,0,0000-00-00,5,
0,0,1991-03-18,0,0,0000-00-00,5,
0,0,1991-03-19,0,0,0000-00-00,5,
1,0,1991-03-20,1,1,1991-03-20,1,
2,2,1991-03-21,1,2,1991-03-22,2,
2,2,1991-03-22,0,0,0000-00-00,2,
3,2,1991-03-23,1,3,1991-03-25,3,
3,2,1991-03-24,0,0,0000-00-00,3,
3,2,1991-03-25,0,0,0000-00-00,3,
3,1,1991-03-26,1,1,1991-03-26,1,
3,2,1991-03-27,1,1,1991-03-27,1,
1,2,1991-03-28,1,2,1991-03-29,2,
1,2,1991-03-29,0,0,0000-00-00,2,
2,2,1991-03-30,1,1,1991-03-30,1,
2,1,1991-03-31,1,1,1991-03-31,1,
2,0,1991-11-01,1,1,1991-11-01,1,
1,0,1991-11-02,1,1,1991-11-02,1,
0,0,1991-11-03,1,1,1991-11-03,1,
2,2,1991-11-04,1,1,1991-11-04,1,
3,1,1991-11-05,1,1,1991-11-05,1,
3,0,1991-11-06,1,1,1991-11-06,1,
2,0,1991-11-07,1,1,1991-11-07,1,
2,1,1991-11-08,1,2,1991-11-09,2,
2,1,1991-11-09,0,0,0000-00-00,2,
2,0,1991-11-10,1,2,1991-11-11,2,
2,0,1991-11-11,0,0,0000-00-00,2,
0,0,1991-11-12,1,2,1991-11-13,2,
0,0,1991-11-13,0,0,0000-00-00,2,
0,2,1991-11-14,1,4,1991-11-17,4,
0,2,1991-11-15,0,0,0000-00-00,4,
0,2,1991-11-16,0,0,0000-00-00,4,
0,2,1991-11-17,0,0,0000-00-00,4,
2,2,1991-11-18,1,2,1991-11-19,2,
2,2,1991-11-19,0,0,0000-00-00,2,
1,1,1991-11-20,1,2,1991-11-21,2,
1,1,1991-11-21,0,0,0000-00-00,2,
1,0,1991-11-22,1,1,1991-11-22,1,
0,0,1991-11-23,1,1,1991-11-23,1,
2,0,1991-11-24,1,1,1991-11-24,1,
1,0,1991-11-25,1,1,1991-11-25,1,
0,1,1991-11-26,1,1,1991-11-26,1,
0,0,1991-11-27,1,1,1991-11-27,1,
3,0,1991-11-28,1,2,1991-11-29,2,
3,0,1991-11-29,0,0,0000-00-00,2,
2,1,1991-11-30,1,1,1991-11-30,1,
0,1,1991-12-01,1,1,1991-12-01,1,
1,1,1991-12-02,1,1,1991-12-02,1,
2,2,1991-12-03,1,3,1991-12-05,3,
2,2,1991-12-04,0,0,0000-00-00,3,
2,2,1991-12-05,0,0,0000-00-00,3,
3,2,1991-12-06,1,3,1991-12-08,3,
3,2,1991-12-07,0,0,0000-00-00,3,
3,2,1991-12-08,0,0,0000-00-00,3,
3,1,1991-12-09,1,1,1991-12-09,1,
3,2,1991-12-10,1,1,1991-12-10,1,
3,1,1991-12-11,1,3,1991-12-13,3,
3,1,1991-12-12,0,0,0000-00-00,3,
3,1,1991-12-13,0,0,0000-00-00,3,
1,1,1991-12-14,1,1,1991-12-14,1,
2,2,1991-12-15,1,2,1991-12-16,2,
2,2,1991-12-16,0,0,0000-00-00,2,
3,0,1991-12-17,1,1,1991-12-17,1,
2,0,1991-12-18,1,1,1991-12-18,1,
3,0,1991-12-19,1,1,1991-12-19,1,
2,0,1991-12-20,1,1,1991-12-20,1,
1,0,1991-12-21,1,1,1991-12-21,1,
2,1,1991-12-22,1,1,1991-12-22,1,
3,2,1991-12-23,1,1,1991-12-23,1,
2,2,1991-12-24,1,1,1991-12-24,1,
3,2,1991-12-25,1,1,1991-12-25,1,
2,2,1991-12-26,1,1,1991-12-26,1,
3,2,1991-12-27,1,1,1991-12-27,1,
3,1,1991-12-28,1,1,1991-12-28,1,
3,2,1991-12-29,1,1,1991-12-29,1,
3,0,1991-12-30,1,1,1991-12-30,1,
3,1,1991-12-31,1,1,1991-12-31,1,
3,0,1992-01-01,1,1,1992-01-01,1,
2,0,1992-01-02,1,2,1992-01-03,2,
2,0,1992-01-03,0,0,0000-00-00,2,
3,0,1992-01-04,1,1,1992-01-04,1,
2,0,1992-01-05,1,1,1992-01-05,1,
0,0,1992-01-06,1,1,1992-01-06,1,
1,1,1992-01-07,1,1,1992-01-07,1,
2,2,1992-01-08,1,1,1992-01-08,1,
3,2,1992-01-09,1,1,1992-01-09,1,
3,1,1992-01-10,1,1,1992-01-10,1,
0,2,1992-01-11,1,1,1992-01-11,1,
2,2,1992-01-12,1,4,1992-01-15,4,
2,2,1992-01-13,0,0,0000-00-00,4,
2,2,1992-01-14,0,0,0000-00-00,4,
2,2,1992-01-15,0,0,0000-00-00,4,
1,2,1992-01-16,1,1,1992-01-16,1,
2,2,1992-01-17,1,3,1992-01-19,3,
2,2,1992-01-18,0,0,0000-00-00,3,
2,2,1992-01-19,0,0,0000-00-00,3,
3,2,1992-01-20,1,2,1992-01-21,2,
3,2,1992-01-21,0,0,0000-00-00,2,
1,1,1992-01-22,1,1,1992-01-22,1,
2,0,1992-01-23,1,1,1992-01-23,1,
2,1,1992-01-24,1,1,1992-01-24,1,
3,2,1992-01-25,1,3,1992-01-27,3,
3,2,1992-01-26,0,0,0000-00-00,3,
3,2,1992-01-27,0,0,0000-00-00,3,
2,2,1992-01-28,1,1,1992-01-28,1,
3,2,1992-01-29,1,3,1992-01-31,3,
3,2,1992-01-30,0,0,0000-00-00,3,
3,2,1992-01-31,0,0,0000-00-00,3,
3,1,1992-02-01,1,1,1992-02-01,1,
1,0,1992-02-02,1,1,1992-02-02,1,
1,2,1992-02-03,1,1,1992-02-03,1,
2,2,1992-02-04,1,1,1992-02-04,1,
1,1,1992-02-05,1,1,1992-02-05,1,
2,0,1992-02-06,1,1,1992-02-06,1,
1,0,1992-02-07,1,3,1992-02-09,3,
1,0,1992-02-08,0,0,0000-00-00,3,
1,0,1992-02-09,0,0,0000-00-00,3,
1,2,1992-02-10,1,1,1992-02-10,1,
0,1,1992-02-11,1,1,1992-02-11,1,
2,0,1992-02-12,1,1,1992-02-12,1,
1,0,1992-02-13,1,1,1992-02-13,1,
0,0,1992-02-14,1,1,1992-02-14,1,
3,0,1992-02-15,1,1,1992-02-15,1,
3,1,1992-02-16,1,6,1992-02-21,6,
3,1,1992-02-17,0,0,0000-00-00,6,
3,1,1992-02-18,0,0,0000-00-00,6,
3,1,1992-02-19,0,0,0000-00-00,6,
3,1,1992-02-20,0,0,0000-00-00,6,
3,1,1992-02-21,0,0,0000-00-00,6,
3,0,1992-02-22,1,1,1992-02-22,1,
3,1,1992-02-23,1,1,1992-02-23,1,
2,1,1992-02-24,1,1,1992-02-24,1,
2,0,1992-02-25,1,1,1992-02-25,1,
3,1,1992-02-26,1,1,1992-02-26,1,
2,1,1992-02-27,1,1,1992-02-27,1,
0,1,1992-02-28,1,1,1992-02-28,1,
1,0,1992-03-01,1,1,1992-03-01,1,
0,1,1992-03-02,1,1,1992-03-02,1,
2,0,1992-03-03,1,1,1992-03-03,1,
3,0,1992-03-04,1,1,1992-03-04,1,
3,1,1992-03-05,1,1,1992-03-05,1,
2,1,1992-03-06,1,1,1992-03-06,1,
2,2,1992-03-07,1,1,1992-03-07,1,
3,2,1992-03-08,1,1,1992-03-08,1,
3,0,1992-03-09,1,1,1992-03-09,1,
3,1,1992-03-10,1,1,1992-03-10,1,
3,0,1992-03-11,1,1,1992-03-11,1,
2,0,1992-03-12,1,1,1992-03-12,1,
1,1,1992-03-13,1,1,1992-03-13,1,
2,2,1992-03-14,1,1,1992-03-14,1,
1,2,1992-03-15,1,1,1992-03-15,1,
3,1,1992-03-16,1,2,1992-03-17,2,
3,1,1992-03-17,0,0,0000-00-00,2,
3,2,1992-03-18,1,1,1992-03-18,1,
0,2,1992-03-19,1,1,1992-03-19,1,
1,0,1992-03-20,1,2,1992-03-21,2,
1,0,1992-03-21,0,0,0000-00-00,2,
2,0,1992-03-22,1,1,1992-03-22,1,
1,2,1992-03-23,1,1,1992-03-23,1,
3,1,1992-03-24,1,2,1992-03-25,2,
3,1,1992-03-25,0,0,0000-00-00,2,
3,2,1992-03-26,1,1,1992-03-26,1,
3,0,1992-03-27,1,1,1992-03-27,1,
2,0,1992-03-28,1,1,1992-03-28,1,
0,0,1992-03-29,1,1,1992-03-29,1,
0,1,1992-03-30,1,1,1992-03-30,1,
0,2,1992-03-31,1,1,1992-03-31,1,
2,0,1992-11-01,1,2,1992-11-02,2,
2,0,1992-11-02,0,0,0000-00-00,2,
1,0,1992-11-03,1,1,1992-11-03,1,
1,1,1992-11-04,1,1,1992-11-04,1,
1,0,1992-11-05,1,1,1992-11-05,1,
2,2,1992-11-06,1,2,1992-11-07,2,
2,2,1992-11-07,0,0,0000-00-00,2,
3,1,1992-11-08,1,1,1992-11-08,1,
3,0,1992-11-09,1,2,1992-11-10,2,
3,0,1992-11-10,0,0,0000-00-00,2,
2,0,1992-11-11,1,1,1992-11-11,1,
3,2,1992-11-12,1,1,1992-11-12,1,
3,1,1992-11-13,1,2,1992-11-14,2,
3,1,1992-11-14,0,0,0000-00-00,2,
3,0,1992-11-15,1,5,1992-11-19,5,
3,0,1992-11-16,0,0,0000-00-00,5,
3,0,1992-11-17,0,0,0000-00-00,5,
3,0,1992-11-18,0,0,0000-00-00,5,
3,0,1992-11-19,0,0,0000-00-00,5,
2,0,1992-11-20,1,1,1992-11-20,1,
0,1,1992-11-21,1,1,1992-11-21,1,
0,0,1992-11-22,1,3,1992-11-24,3,
0,0,1992-11-23,0,0,0000-00-00,3,
0,0,1992-11-24,0,0,0000-00-00,3,
1,0,1992-11-25,1,1,1992-11-25,1,
2,0,1992-11-26,1,2,1992-11-27,2,
2,0,1992-11-27,0,0,0000-00-00,2,
1,2,1992-11-28,1,1,1992-11-28,1,
1,0,1992-11-29,1,1,1992-11-29,1,
2,0,1992-11-30,1,2,1992-12-01,2,
2,0,1992-12-01,0,0,0000-00-00,2,
1,0,1992-12-02,1,3,1992-12-04,3,
1,0,1992-12-03,0,0,0000-00-00,3,
1,0,1992-12-04,0,0,0000-00-00,3,
0,1,1992-12-05,1,2,1992-12-06,2,
0,1,1992-12-06,0,0,0000-00-00,2,
1,2,1992-12-07,1,1,1992-12-07,1,
2,1,1992-12-08,1,2,1992-12-09,2,
2,1,1992-12-09,0,0,0000-00-00,2,
3,0,1992-12-10,1,2,1992-12-11,2,
3,0,1992-12-11,0,0,0000-00-00,2,
2,0,1992-12-12,1,1,1992-12-12,1,
0,0,1992-12-13,1,5,1992-12-17,5,
0,0,1992-12-14,0,0,0000-00-00,5,
0,0,1992-12-15,0,0,0000-00-00,5,
0,0,1992-12-16,0,0,0000-00-00,5,
0,0,1992-12-17,0,0,0000-00-00,5,
1,2,1992-12-18,1,1,1992-12-18,1,
2,2,1992-12-19,1,1,1992-12-19,1,
3,0,1992-12-20,1,1,1992-12-20,1,
3,1,1992-12-21,1,4,1992-12-24,4,
3,1,1992-12-22,0,0,0000-00-00,4,
3,1,1992-12-23,0,0,0000-00-00,4,
3,1,1992-12-24,0,0,0000-00-00,4,
1,2,1992-12-25,1,1,1992-12-25,1,
3,2,1992-12-26,1,4,1992-12-29,4,
3,2,1992-12-27,0,0,0000-00-00,4,
3,2,1992-12-28,0,0,0000-00-00,4,
3,2,1992-12-29,0,0,0000-00-00,4,
3,1,1992-12-30,1,3,1993-01-01,3,
3,1,1992-12-31,0,0,0000-00-00,3,
3,1,1993-01-01,0,0,0000-00-00,3,
3,2,1993-01-02,1,1,1993-01-02,1,
0,0,1993-01-03,1,1,1993-01-03,1,
2,0,1993-01-04,1,1,1993-01-04,1,
3,1,1993-01-05,1,2,1993-01-06,2,
3,1,1993-01-06,0,0,0000-00-00,2,
3,0,1993-01-07,1,1,1993-01-07,1,
2,0,1993-01-08,1,3,1993-01-10,3,
2,0,1993-01-09,0,0,0000-00-00,3,
2,0,1993-01-10,0,0,0000-00-00,3,
1,0,1993-01-11,1,3,1993-01-13,3,
1,0,1993-01-12,0,0,0000-00-00,3,
1,0,1993-01-13,0,0,0000-00-00,3,
1,1,1993-01-14,1,2,1993-01-15,2,
1,1,1993-01-15,0,0,0000-00-00,2,
2,0,1993-01-16,1,2,1993-01-17,2,
2,0,1993-01-17,0,0,0000-00-00,2,
2,1,1993-01-18,1,1,1993-01-18,1,
0,1,1993-01-19,1,1,1993-01-19,1,
1,0,1993-01-20,1,2,1993-01-21,2,
1,0,1993-01-21,0,0,0000-00-00,2,
3,0,1993-01-22,1,2,1993-01-23,2,
3,0,1993-01-23,0,0,0000-00-00,2,
2,0,1993-01-24,1,1,1993-01-24,1,
3,2,1993-01-25,1,1,1993-01-25,1,
2,2,1993-01-26,1,1,1993-01-26,1,
3,1,1993-01-27,1,4,1993-01-30,4,
3,1,1993-01-28,0,0,0000-00-00,4,
3,1,1993-01-29,0,0,0000-00-00,4,
3,1,1993-01-30,0,0,0000-00-00,4,
3,2,1993-01-31,1,1,1993-01-31,1,
3,1,1993-02-01,1,2,1993-02-02,2,
3,1,1993-02-02,0,0,0000-00-00,2,
3,0,1993-02-03,1,1,1993-02-03,1,
0,2,1993-02-04,1,1,1993-02-04,1,
1,1,1993-02-05,1,1,1993-02-05,1,
2,2,1993-02-06,1,1,1993-02-06,1,
3,1,1993-02-07,1,1,1993-02-07,1,
2,2,1993-02-08,1,1,1993-02-08,1,
3,2,1993-02-09,1,1,1993-02-09,1,
1,2,1993-02-10,1,1,1993-02-10,1,
3,1,1993-02-11,1,4,1993-02-14,4,
3,1,1993-02-12,0,0,0000-00-00,4,
3,1,1993-02-13,0,0,0000-00-00,4,
3,1,1993-02-14,0,0,0000-00-00,4,
3,2,1993-02-15,1,2,1993-02-16,2,
3,2,1993-02-16,0,0,0000-00-00,2,
3,1,1993-02-17,1,1,1993-02-17,1,
2,1,1993-02-18,1,1,1993-02-18,1,
3,2,1993-02-19,1,4,1993-02-22,4,
3,2,1993-02-20,0,0,0000-00-00,4,
3,2,1993-02-21,0,0,0000-00-00,4,
3,2,1993-02-22,0,0,0000-00-00,4,
3,1,1993-02-23,1,1,1993-02-23,1,
3,0,1993-02-24,1,1,1993-02-24,1,
1,1,1993-02-25,1,1,1993-02-25,1,
2,2,1993-02-26,1,2,1993-02-27,2,
2,2,1993-02-27,0,0,0000-00-00,2,
3,2,1993-02-28,1,1,1993-02-28,1,
3,1,1993-03-01,1,1,1993-03-01,1,
3,2,1993-03-02,1,1,1993-03-02,1,
1,1,1993-03-03,1,1,1993-03-03,1,
2,1,1993-03-04,1,1,1993-03-04,1,
3,0,1993-03-05,1,1,1993-03-05,1,
1,0,1993-03-06,1,1,1993-03-06,1,
2,0,1993-03-07,1,1,1993-03-07,1,
3,2,1993-03-08,1,1,1993-03-08,1,
1,2,1993-03-09,1,1,1993-03-09,1,
0,2,1993-03-10,1,1,1993-03-10,1,
0,1,1993-03-11,1,1,1993-03-11,1,
1,1,1993-03-12,1,1,1993-03-12,1,
1,0,1993-03-13,1,2,1993-03-14,2,
1,0,1993-03-14,0,0,0000-00-00,2,
1,1,1993-03-15,1,1,1993-03-15,1,
3,0,1993-03-16,1,2,1993-03-17,2,
3,0,1993-03-17,0,0,0000-00-00,2,
3,1,1993-03-18,1,1,1993-03-18,1,
3,0,1993-03-19,1,1,1993-03-19,1,
2,0,1993-03-20,1,3,1993-03-22,3,
2,0,1993-03-21,0,0,0000-00-00,3,
2,0,1993-03-22,0,0,0000-00-00,3,
2,1,1993-03-23,1,1,1993-03-23,1,
2,2,1993-03-24,1,1,1993-03-24,1,
3,2,1993-03-25,1,2,1993-03-26,2,
3,2,1993-03-26,0,0,0000-00-00,2,
2,1,1993-03-27,1,1,1993-03-27,1,
1,0,1993-03-28,1,3,1993-03-30,3,
1,0,1993-03-29,0,0,0000-00-00,3,
1,0,1993-03-30,0,0,0000-00-00,3,
2,0,1993-03-31,1,1,1993-03-31,1,
2,1,1993-11-01,1,1,1993-11-01,1,
0,0,1993-11-02,1,2,1993-11-03,2,
0,0,1993-11-03,0,0,0000-00-00,2,
2,0,1993-11-04,1,1,1993-11-04,1,
2,1,1993-11-05,1,1,1993-11-05,1,
3,0,1993-11-06,1,1,1993-11-06,1,
3,2,1993-11-07,1,1,1993-11-07,1,
3,0,1993-11-08,1,2,1993-11-09,2,
3,0,1993-11-09,0,0,0000-00-00,2,
3,1,1993-11-10,1,2,1993-11-11,2,
3,1,1993-11-11,0,0,0000-00-00,2,
3,0,1993-11-12,1,2,1993-11-13,2,
3,0,1993-11-13,0,0,0000-00-00,2,
2,2,1993-11-14,1,1,1993-11-14,1,
0,0,1993-11-15,1,1,1993-11-15,1,
1,0,1993-11-16,1,1,1993-11-16,1,
3,0,1993-11-17,1,1,1993-11-17,1,
3,1,1993-11-18,1,1,1993-11-18,1,
2,2,1993-11-19,1,1,1993-11-19,1,
3,0,1993-11-20,1,1,1993-11-20,1,
3,2,1993-11-21,1,1,1993-11-21,1,
3,1,1993-11-22,1,2,1993-11-23,2,
3,1,1993-11-23,0,0,0000-00-00,2,
1,1,1993-11-24,1,3,1993-11-26,3,
1,1,1993-11-25,0,0,0000-00-00,3,
1,1,1993-11-26,0,0,0000-00-00,3,
3,1,1993-11-27,1,2,1993-11-28,2,
3,1,1993-11-28,0,0,0000-00-00,2,
3,0,1993-11-29,1,2,1993-11-30,2,
3,0,1993-11-30,0,0,0000-00-00,2,
2,0,1993-12-01,1,3,1993-12-03,3,
2,0,1993-12-02,0,0,0000-00-00,3,
2,0,1993-12-03,0,0,0000-00-00,3,
2,1,1993-12-04,1,1,1993-12-04,1,
3,0,1993-12-05,1,1,1993-12-05,1,
2,0,1993-12-06,1,1,1993-12-06,1,
1,0,1993-12-07,1,1,1993-12-07,1,
0,0,1993-12-08,1,1,1993-12-08,1,
1,0,1993-12-09,1,1,1993-12-09,1,
2,0,1993-12-10,1,1,1993-12-10,1,
2,1,1993-12-11,1,3,1993-12-13,3,
2,1,1993-12-12,0,0,0000-00-00,3,
2,1,1993-12-13,0,0,0000-00-00,3,
2,0,1993-12-14,1,1,1993-12-14,1,
1,0,1993-12-15,1,1,1993-12-15,1,
0,1,1993-12-16,1,1,1993-12-16,1,
0,0,1993-12-17,1,2,1993-12-18,2,
0,0,1993-12-18,0,0,0000-00-00,2,
1,1,1993-12-19,1,1,1993-12-19,1,
3,0,1993-12-20,1,1,1993-12-20,1,
1,1,1993-12-21,1,1,1993-12-21,1,
2,1,1993-12-22,1,1,1993-12-22,1,
2,2,1993-12-23,1,1,1993-12-23,1,
2,1,1993-12-24,1,1,1993-12-24,1,
1,1,1993-12-25,1,1,1993-12-25,1,
2,0,1993-12-26,1,1,1993-12-26,1,
1,1,1993-12-27,1,1,1993-12-27,1,
1,0,1993-12-28,1,3,1993-12-30,3,
1,0,1993-12-29,0,0,0000-00-00,3,
1,0,1993-12-30,0,0,0000-00-00,3,
0,0,1993-12-31,1,1,1993-12-31,1,
0,2,1994-01-01,1,1,1994-01-01,1,
0,0,1994-01-02,1,1,1994-01-02,1,
0,1,1994-01-03,1,1,1994-01-03,1,
1,0,1994-01-04,1,1,1994-01-04,1,
0,0,1994-01-05,1,1,1994-01-05,1,
0,2,1994-01-06,1,2,1994-01-07,2,
0,2,1994-01-07,0,0,0000-00-00,2,
0,0,1994-01-08,1,6,1994-01-13,6,
0,0,1994-01-09,0,0,0000-00-00,6,
0,0,1994-01-10,0,0,0000-00-00,6,
0,0,1994-01-11,0,0,0000-00-00,6,
0,0,1994-01-12,0,0,0000-00-00,6,
0,0,1994-01-13,0,0,0000-00-00,6,
0,1,1994-01-14,1,1,1994-01-14,1,
1,2,1994-01-15,1,1,1994-01-15,1,
3,2,1994-01-16,1,1,1994-01-16,1,
2,1,1994-01-17,1,1,1994-01-17,1,
3,0,1994-01-18,1,1,1994-01-18,1,
3,1,1994-01-19,1,3,1994-01-21,3,
3,1,1994-01-20,0,0,0000-00-00,3,
3,1,1994-01-21,0,0,0000-00-00,3,
3,0,1994-01-22,1,1,1994-01-22,1,
2,1,1994-01-23,1,1,1994-01-23,1,
2,2,1994-01-24,1,1,1994-01-24,1,
2,0,1994-01-25,1,1,1994-01-25,1,
1,0,1994-01-26,1,2,1994-01-27,2,
1,0,1994-01-27,0,0,0000-00-00,2,
1,1,1994-01-28,1,1,1994-01-28,1,
2,0,1994-01-29,1,1,1994-01-29,1,
2,2,1994-01-30,1,1,1994-01-30,1,
3,1,1994-01-31,1,3,1994-02-02,3,
3,1,1994-02-01,0,0,0000-00-00,3,
3,1,1994-02-02,0,0,0000-00-00,3,
3,0,1994-02-03,1,1,1994-02-03,1,
1,1,1994-02-04,1,1,1994-02-04,1,
0,2,1994-02-05,1,1,1994-02-05,1,
0,0,1994-02-06,1,1,1994-02-06,1,
0,1,1994-02-07,1,1,1994-02-07,1,
2,1,1994-02-08,1,1,1994-02-08,1,
2,2,1994-02-09,1,1,1994-02-09,1,
3,2,1994-02-10,1,1,1994-02-10,1,
3,0,1994-02-11,1,1,1994-02-11,1,
3,1,1994-02-12,1,1,1994-02-12,1,
3,2,1994-02-13,1,1,1994-02-13,1,
1,1,1994-02-14,1,1,1994-02-14,1,
1,0,1994-02-15,1,1,1994-02-15,1,
0,2,1994-02-16,1,1,1994-02-16,1,
0,0,1994-02-17,1,1,1994-02-17,1,
1,0,1994-02-18,1,2,1994-02-19,2,
1,0,1994-02-19,0,0,0000-00-00,2,
2,1,1994-02-20,1,1,1994-02-20,1,
0,2,1994-02-21,1,7,1994-02-27,7,
0,2,1994-02-22,0,0,0000-00-00,7,
0,2,1994-02-23,0,0,0000-00-00,7,
0,2,1994-02-24,0,0,0000-00-00,7,
0,2,1994-02-25,0,0,0000-00-00,7,
0,2,1994-02-26,0,0,0000-00-00,7,
0,2,1994-02-27,0,0,0000-00-00,7,
1,2,1994-02-28,1,1,1994-02-28,1,
2,1,1994-03-01,1,1,1994-03-01,1,
3,0,1994-03-02,1,3,1994-03-04,3,
3,0,1994-03-03,0,0,0000-00-00,3,
3,0,1994-03-04,0,0,0000-00-00,3,
2,0,1994-03-05,1,2,1994-03-06,2,
2,0,1994-03-06,0,0,0000-00-00,2,
3,0,1994-03-07,1,1,1994-03-07,1,
2,0,1994-03-08,1,1,1994-03-08,1,
1,1,1994-03-09,1,1,1994-03-09,1,
2,0,1994-03-10,1,1,1994-03-10,1,
2,1,1994-03-11,1,1,1994-03-11,1,
3,0,1994-03-12,1,1,1994-03-12,1,
2,0,1994-03-13,1,1,1994-03-13,1,
3,0,1994-03-14,1,2,1994-03-15,2,
3,0,1994-03-15,0,0,0000-00-00,2,
2,0,1994-03-16,1,1,1994-03-16,1,
0,1,1994-03-17,1,1,1994-03-17,1,
0,2,1994-03-18,1,2,1994-03-19,2,
0,2,1994-03-19,0,0,0000-00-00,2,
1,2,1994-03-20,1,1,1994-03-20,1,
1,0,1994-03-21,1,1,1994-03-21,1,
3,0,1994-03-22,1,3,1994-03-24,3,
3,0,1994-03-23,0,0,0000-00-00,3,
3,0,1994-03-24,0,0,0000-00-00,3,
2,2,1994-03-25,1,1,1994-03-25,1,
1,2,1994-03-26,1,1,1994-03-26,1,
2,0,1994-03-27,1,1,1994-03-27,1,
3,0,1994-03-28,1,1,1994-03-28,1,
2,0,1994-03-29,1,1,1994-03-29,1,
1,0,1994-03-30,1,2,1994-03-31,2,
1,0,1994-03-31,0,0,0000-00-00,2,
0,2,1994-11-01,1,1,1994-11-01,1,
0,0,1994-11-02,1,2,1994-11-03,2,
0,0,1994-11-03,0,0,0000-00-00,2,
0,2,1994-11-04,1,1,1994-11-04,1,
1,2,1994-11-05,1,2,1994-11-06,2,
1,2,1994-11-06,0,0,0000-00-00,2,
0,0,1994-11-07,1,1,1994-11-07,1,
0,2,1994-11-08,1,5,1994-11-12,5,
0,2,1994-11-09,0,0,0000-00-00,5,
0,2,1994-11-10,0,0,0000-00-00,5,
0,2,1994-11-11,0,0,0000-00-00,5,
0,2,1994-11-12,0,0,0000-00-00,5,
0,0,1994-11-13,1,2,1994-11-14,2,
0,0,1994-11-14,0,0,0000-00-00,2,
1,1,1994-11-15,1,1,1994-11-15,1,
2,2,1994-11-16,1,1,1994-11-16,1,
1,2,1994-11-17,1,1,1994-11-17,1,
1,0,1994-11-18,1,1,1994-11-18,1,
3,0,1994-11-19,1,1,1994-11-19,1,
2,1,1994-11-20,1,1,1994-11-20,1,
2,0,1994-11-21,1,1,1994-11-21,1,
3,0,1994-11-22,1,1,1994-11-22,1,
3,2,1994-11-23,1,2,1994-11-24,2,
3,2,1994-11-24,0,0,0000-00-00,2,
2,2,1994-11-25,1,1,1994-11-25,1,
3,1,1994-11-26,1,3,1994-11-28,3,
3,1,1994-11-27,0,0,0000-00-00,3,
3,1,1994-11-28,0,0,0000-00-00,3,
3,0,1994-11-29,1,1,1994-11-29,1,
2,2,1994-11-30,1,1,1994-11-30,1,
2,0,1994-12-01,1,1,1994-12-01,1,
3,0,1994-12-02,1,4,1994-12-05,4,
3,0,1994-12-03,0,0,0000-00-00,4,
3,0,1994-12-04,0,0,0000-00-00,4,
3,0,1994-12-05,0,0,0000-00-00,4,
2,0,1994-12-06,1,1,1994-12-06,1,
0,0,1994-12-07,1,1,1994-12-07,1,
1,0,1994-12-08,1,2,1994-12-09,2,
1,0,1994-12-09,0,0,0000-00-00,2,
0,1,1994-12-10,1,2,1994-12-11,2,
0,1,1994-12-11,0,0,0000-00-00,2,
1,2,1994-12-12,1,1,1994-12-12,1,
2,2,1994-12-13,1,1,1994-12-13,1,
3,1,1994-12-14,1,2,1994-12-15,2,
3,1,1994-12-15,0,0,0000-00-00,2,
3,0,1994-12-16,1,1,1994-12-16,1,
2,0,1994-12-17,1,2,1994-12-18,2,
2,0,1994-12-18,0,0,0000-00-00,2,
2,2,1994-12-19,1,1,1994-12-19,1,
1,2,1994-12-20,1,1,1994-12-20,1,
3,2,1994-12-21,1,1,1994-12-21,1,
3,1,1994-12-22,1,2,1994-12-23,2,
3,1,1994-12-23,0,0,0000-00-00,2,
3,0,1994-12-24,1,1,1994-12-24,1,
2,0,1994-12-25,1,1,1994-12-25,1,
0,0,1994-12-26,1,1,1994-12-26,1,
0,2,1994-12-27,1,1,1994-12-27,1,
0,0,1994-12-28,1,2,1994-12-29,2,
0,0,1994-12-29,0,0,0000-00-00,2,
0,1,1994-12-30,1,1,1994-12-30,1,
1,2,1994-12-31,1,2,1995-01-01,2,
1,2,1995-01-01,0,0,0000-00-00,2,
2,2,1995-01-02,1,1,1995-01-02,1,
3,0,1995-01-03,1,1,1995-01-03,1,
0,1,1995-01-04,1,1,1995-01-04,1,
1,0,1995-01-05,1,1,1995-01-05,1,
1,1,1995-01-06,1,1,1995-01-06,1,
3,0,1995-01-07,1,1,1995-01-07,1,
3,1,1995-01-08,1,1,1995-01-08,1,
1,1,1995-01-09,1,2,1995-01-10,2,
1,1,1995-01-10,0,0,0000-00-00,2,
3,2,1995-01-11,1,1,1995-01-11,1,
3,1,1995-01-12,1,1,1995-01-12,1,
3,0,1995-01-13,1,2,1995-01-14,2,
3,0,1995-01-14,0,0,0000-00-00,2,
1,0,1995-01-15,1,2,1995-01-16,2,
1,0,1995-01-16,0,0,0000-00-00,2,
0,0,1995-01-17,1,7,1995-01-23,7,
0,0,1995-01-18,0,0,0000-00-00,7,
0,0,1995-01-19,0,0,0000-00-00,7,
0,0,1995-01-20,0,0,0000-00-00,7,
0,0,1995-01-21,0,0,0000-00-00,7,
0,0,1995-01-22,0,0,0000-00-00,7,
0,0,1995-01-23,0,0,0000-00-00,7,
0,1,1995-01-24,1,2,1995-01-25,2,
0,1,1995-01-25,0,0,0000-00-00,2,
0,2,1995-01-26,1,4,1995-01-29,4,
0,2,1995-01-27,0,0,0000-00-00,4,
0,2,1995-01-28,0,0,0000-00-00,4,
0,2,1995-01-29,0,0,0000-00-00,4,
0,1,1995-01-30,1,1,1995-01-30,1,
0,0,1995-01-31,1,1,1995-01-31,1,
1,2,1995-02-01,1,1,1995-02-01,1,
0,1,1995-02-02,1,1,1995-02-02,1,
2,0,1995-02-03,1,1,1995-02-03,1,
2,1,1995-02-04,1,1,1995-02-04,1,
0,1,1995-02-05,1,1,1995-02-05,1,
0,2,1995-02-06,1,3,1995-02-08,3,
0,2,1995-02-07,0,0,0000-00-00,3,
0,2,1995-02-08,0,0,0000-00-00,3,
1,1,1995-02-09,1,1,1995-02-09,1,
0,2,1995-02-10,1,1,1995-02-10,1,
1,1,1995-02-11,1,1,1995-02-11,1,
0,2,1995-02-12,1,2,1995-02-13,2,
0,2,1995-02-13,0,0,0000-00-00,2,
0,1,1995-02-14,1,1,1995-02-14,1,
0,0,1995-02-15,1,2,1995-02-16,2,
0,0,1995-02-16,0,0,0000-00-00,2,
1,2,1995-02-17,1,1,1995-02-17,1,
0,0,1995-02-18,1,2,1995-02-19,2,
0,0,1995-02-19,0,0,0000-00-00,2,
1,0,1995-02-20,1,1,1995-02-20,1,
0,0,1995-02-21,1,1,1995-02-21,1,
1,0,1995-02-22,1,1,1995-02-22,1,
1,1,1995-02-23,1,1,1995-02-23,1,
2,0,1995-02-24,1,1,1995-02-24,1,
1,0,1995-02-25,1,1,1995-02-25,1,
2,1,1995-02-26,1,1,1995-02-26,1,
3,0,1995-02-27,1,2,1995-02-28,2,
3,0,1995-02-28,0,0,0000-00-00,2,
2,0,1995-03-01,1,1,1995-03-01,1,
1,0,1995-03-02,1,1,1995-03-02,1,
1,1,1995-03-03,1,1,1995-03-03,1,
1,0,1995-03-04,1,2,1995-03-05,2,
1,0,1995-03-05,0,0,0000-00-00,2,
2,0,1995-03-06,1,1,1995-03-06,1,
0,0,1995-03-07,1,1,1995-03-07,1,
0,1,1995-03-08,1,3,1995-03-10,3,
0,1,1995-03-09,0,0,0000-00-00,3,
0,1,1995-03-10,0,0,0000-00-00,3,
0,2,1995-03-11,1,1,1995-03-11,1,
2,0,1995-03-12,1,3,1995-03-14,3,
2,0,1995-03-13,0,0,0000-00-00,3,
2,0,1995-03-14,0,0,0000-00-00,3,
3,0,1995-03-15,1,1,1995-03-15,1,
0,0,1995-03-16,1,2,1995-03-17,2,
0,0,1995-03-17,0,0,0000-00-00,2,
1,1,1995-03-18,1,1,1995-03-18,1,
2,2,1995-03-19,1,2,1995-03-20,2,
2,2,1995-03-20,0,0,0000-00-00,2,
2,1,1995-03-21,1,1,1995-03-21,1,
3,1,1995-03-22,1,1,1995-03-22,1,
3,0,1995-03-23,1,2,1995-03-24,2,
3,0,1995-03-24,0,0,0000-00-00,2,
2,2,1995-03-25,1,1,1995-03-25,1,
1,2,1995-03-26,1,1,1995-03-26,1,
1,1,1995-03-27,1,2,1995-03-28,2,
1,1,1995-03-28,0,0,0000-00-00,2,
3,1,1995-03-29,1,3,1995-03-31,3,
3,1,1995-03-30,0,0,0000-00-00,3,
3,1,1995-03-31,0,0,0000-00-00,3,
2,2,1995-11-01,1,1,1995-11-01,1,
1,2,1995-11-02,1,1,1995-11-02,1,
0,2,1995-11-03,1,1,1995-11-03,1,
0,1,1995-11-04,1,1,1995-11-04,1,
0,2,1995-11-05,1,1,1995-11-05,1,
1,2,1995-11-06,1,1,1995-11-06,1,
3,1,1995-11-07,1,2,1995-11-08,2,
3,1,1995-11-08,0,0,0000-00-00,2,
1,1,1995-11-09,1,1,1995-11-09,1,
2,2,1995-11-10,1,3,1995-11-12,3,
2,2,1995-11-11,0,0,0000-00-00,3,
2,2,1995-11-12,0,0,0000-00-00,3,
0,2,1995-11-13,1,1,1995-11-13,1,
0,1,1995-11-14,1,1,1995-11-14,1,
1,2,1995-11-15,1,1,1995-11-15,1,
2,0,1995-11-16,1,1,1995-11-16,1,
0,1,1995-11-17,1,1,1995-11-17,1,
3,2,1995-11-18,1,2,1995-11-19,2,
3,2,1995-11-19,0,0,0000-00-00,2,
2,1,1995-11-20,1,1,1995-11-20,1,
2,0,1995-11-21,1,1,1995-11-21,1,
0,0,1995-11-22,1,2,1995-11-23,2,
0,0,1995-11-23,0,0,0000-00-00,2,
0,2,1995-11-24,1,1,1995-11-24,1,
1,2,1995-11-25,1,1,1995-11-25,1,
2,2,1995-11-26,1,4,1995-11-29,4,
2,2,1995-11-27,0,0,0000-00-00,4,
2,2,1995-11-28,0,0,0000-00-00,4,
2,2,1995-11-29,0,0,0000-00-00,4,
1,2,1995-11-30,1,1,1995-11-30,1,
2,2,1995-12-01,1,1,1995-12-01,1,
2,1,1995-12-02,1,1,1995-12-02,1,
3,2,1995-12-03,1,2,1995-12-04,2,
3,2,1995-12-04,0,0,0000-00-00,2,
3,1,1995-12-05,1,1,1995-12-05,1,
2,1,1995-12-06,1,1,1995-12-06,1,
3,1,1995-12-07,1,1,1995-12-07,1,
3,2,1995-12-08,1,2,1995-12-09,2,
3,2,1995-12-09,0,0,0000-00-00,2,
3,1,1995-12-10,1,2,1995-12-11,2,
3,1,1995-12-11,0,0,0000-00-00,2,
2,2,1995-12-12,1,1,1995-12-12,1,
3,2,1995-12-13,1,3,1995-12-15,3,
3,2,1995-12-14,0,0,0000-00-00,3,
3,2,1995-12-15,0,0,0000-00-00,3,
0,2,1995-12-16,1,11,1995-12-26,11,
0,2,1995-12-17,0,0,0000-00-00,11,
0,2,1995-12-18,0,0,0000-00-00,11,
0,2,1995-12-19,0,0,0000-00-00,11,
0,2,1995-12-20,0,0,0000-00-00,11,
0,2,1995-12-21,0,0,0000-00-00,11,
0,2,1995-12-22,0,0,0000-00-00,11,
0,2,1995-12-23,0,0,0000-00-00,11,
0,2,1995-12-24,0,0,0000-00-00,11,
0,2,1995-12-25,0,0,0000-00-00,11,
0,2,1995-12-26,0,0,0000-00-00,11,
1,2,1995-12-27,1,1,1995-12-27,1,
0,2,1995-12-28,1,6,1996-01-02,6,
0,2,1995-12-29,0,0,0000-00-00,6,
0,2,1995-12-30,0,0,0000-00-00,6,
0,2,1995-12-31,0,0,0000-00-00,6,
0,2,1996-01-01,0,0,0000-00-00,6,
0,2,1996-01-02,0,0,0000-00-00,6,
0,1,1996-01-03,1,1,1996-01-03,1,
0,0,1996-01-04,1,2,1996-01-05,2,
0,0,1996-01-05,0,0,0000-00-00,2,
0,1,1996-01-06,1,1,1996-01-06,1,
0,0,1996-01-07,1,1,1996-01-07,1,
1,0,1996-01-08,1,3,1996-01-10,3,
1,0,1996-01-09,0,0,0000-00-00,3,
1,0,1996-01-10,0,0,0000-00-00,3,
2,0,1996-01-11,1,1,1996-01-11,1,
3,0,1996-01-12,1,2,1996-01-13,2,
3,0,1996-01-13,0,0,0000-00-00,2,
2,2,1996-01-14,1,1,1996-01-14,1,
3,1,1996-01-15,1,1,1996-01-15,1,
3,2,1996-01-16,1,1,1996-01-16,1,
3,1,1996-01-17,1,2,1996-01-18,2,
3,1,1996-01-18,0,0,0000-00-00,2,
3,0,1996-01-19,1,1,1996-01-19,1,
2,1,1996-01-20,1,1,1996-01-20,1,
3,2,1996-01-21,1,1,1996-01-21,1,
3,1,1996-01-22,1,2,1996-01-23,2,
3,1,1996-01-23,0,0,0000-00-00,2,
2,1,1996-01-24,1,1,1996-01-24,1,
2,2,1996-01-25,1,2,1996-01-26,2,
2,2,1996-01-26,0,0,0000-00-00,2,
3,2,1996-01-27,1,1,1996-01-27,1,
3,1,1996-01-28,1,1,1996-01-28,1,
1,2,1996-01-29,1,1,1996-01-29,1,
0,2,1996-01-30,1,1,1996-01-30,1,
1,2,1996-01-31,1,2,1996-02-01,2,
1,2,1996-02-01,0,0,0000-00-00,2,
2,2,1996-02-02,1,1,1996-02-02,1,
3,2,1996-02-03,1,1,1996-02-03,1,
3,1,1996-02-04,1,1,1996-02-04,1,
3,0,1996-02-05,1,4,1996-02-08,4,
3,0,1996-02-06,0,0,0000-00-00,4,
3,0,1996-02-07,0,0,0000-00-00,4,
3,0,1996-02-08,0,0,0000-00-00,4,
2,1,1996-02-09,1,2,1996-02-10,2,
2,1,1996-02-10,0,0,0000-00-00,2,
0,2,1996-02-11,1,1,1996-02-11,1,
1,2,1996-02-12,1,1,1996-02-12,1,
3,2,1996-02-13,1,1,1996-02-13,1,
2,2,1996-02-14,1,1,1996-02-14,1,
3,0,1996-02-15,1,1,1996-02-15,1,
1,1,1996-02-16,1,1,1996-02-16,1,
2,0,1996-02-17,1,1,1996-02-17,1,
2,2,1996-02-18,1,2,1996-02-19,2,
2,2,1996-02-19,0,0,0000-00-00,2,
3,1,1996-02-20,1,2,1996-02-21,2,
3,1,1996-02-21,0,0,0000-00-00,2,
3,0,1996-02-22,1,1,1996-02-22,1,
0,0,1996-02-23,1,2,1996-02-24,2,
0,0,1996-02-24,0,0,0000-00-00,2,
1,0,1996-02-25,1,1,1996-02-25,1,
2,1,1996-02-26,1,2,1996-02-27,2,
2,1,1996-02-27,0,0,0000-00-00,2,
1,2,1996-02-28,1,1,1996-02-28,1,
2,2,1996-03-01,1,2,1996-03-02,2,
2,2,1996-03-02,0,0,0000-00-00,2,
3,2,1996-03-03,1,3,1996-03-05,3,
3,2,1996-03-04,0,0,0000-00-00,3,
3,2,1996-03-05,0,0,0000-00-00,3,
2,2,1996-03-06,1,1,1996-03-06,1,
3,2,1996-03-07,1,1,1996-03-07,1,
3,1,1996-03-08,1,1,1996-03-08,1,
3,2,1996-03-09,1,1,1996-03-09,1,
2,1,1996-03-10,1,1,1996-03-10,1,
3,1,1996-03-11,1,1,1996-03-11,1,
3,0,1996-03-12,1,1,1996-03-12,1,
3,1,1996-03-13,1,1,1996-03-13,1,
2,0,1996-03-14,1,1,1996-03-14,1,
1,0,1996-03-15,1,1,1996-03-15,1,
0,1,1996-03-16,1,2,1996-03-17,2,
0,1,1996-03-17,0,0,0000-00-00,2,
0,2,1996-03-18,1,3,1996-03-20,3,
0,2,1996-03-19,0,0,0000-00-00,3,
0,2,1996-03-20,0,0,0000-00-00,3,
2,2,1996-03-21,1,1,1996-03-21,1,
3,1,1996-03-22,1,2,1996-03-23,2,
3,1,1996-03-23,0,0,0000-00-00,2,
1,2,1996-03-24,1,1,1996-03-24,1,
0,2,1996-03-25,1,1,1996-03-25,1,
1,2,1996-03-26,1,1,1996-03-26,1,
2,2,1996-03-27,1,1,1996-03-27,1,
1,2,1996-03-28,1,1,1996-03-28,1,
0,2,1996-03-29,1,1,1996-03-29,1,
1,2,1996-03-30,1,2,1996-03-31,2,
1,2,1996-03-31,0,0,0000-00-00,2,
0,2,1996-11-01,1,2,1996-11-02,2,
0,2,1996-11-02,0,0,0000-00-00,2,
0,0,1996-11-03,1,1,1996-11-03,1,
1,2,1996-11-04,1,1,1996-11-04,1,
0,2,1996-11-05,1,1,1996-11-05,1,
1,0,1996-11-06,1,1,1996-11-06,1,
2,0,1996-11-07,1,2,1996-11-08,2,
2,0,1996-11-08,0,0,0000-00-00,2,
3,2,1996-11-09,1,1,1996-11-09,1,
3,0,1996-11-10,1,1,1996-11-10,1,
1,1,1996-11-11,1,1,1996-11-11,1,
3,2,1996-11-12,1,1,1996-11-12,1,
3,1,1996-11-13,1,2,1996-11-14,2,
3,1,1996-11-14,0,0,0000-00-00,2,
3,0,1996-11-15,1,2,1996-11-16,2,
3,0,1996-11-16,0,0,0000-00-00,2,
2,0,1996-11-17,1,1,1996-11-17,1,
1,0,1996-11-18,1,1,1996-11-18,1,
0,0,1996-11-19,1,1,1996-11-19,1,
1,1,1996-11-20,1,1,1996-11-20,1,
1,0,1996-11-21,1,1,1996-11-21,1,
0,2,1996-11-22,1,3,1996-11-24,3,
0,2,1996-11-23,0,0,0000-00-00,3,
0,2,1996-11-24,0,0,0000-00-00,3,
1,2,1996-11-25,1,1,1996-11-25,1,
2,2,1996-11-26,1,1,1996-11-26,1,
2,0,1996-11-27,1,2,1996-11-28,2,
2,0,1996-11-28,0,0,0000-00-00,2,
0,1,1996-11-29,1,1,1996-11-29,1,
1,0,1996-11-30,1,1,1996-11-30,1,
2,0,1996-12-01,1,2,1996-12-02,2,
2,0,1996-12-02,0,0,0000-00-00,2,
1,1,1996-12-03,1,1,1996-12-03,1,
3,2,1996-12-04,1,1,1996-12-04,1,
3,0,1996-12-05,1,1,1996-12-05,1,
1,0,1996-12-06,1,1,1996-12-06,1,
0,1,1996-12-07,1,1,1996-12-07,1,
0,0,1996-12-08,1,1,1996-12-08,1,
1,0,1996-12-09,1,1,1996-12-09,1,
0,0,1996-12-10,1,1,1996-12-10,1,
0,2,1996-12-11,1,1,1996-12-11,1,
2,2,1996-12-12,1,1,1996-12-12,1,
3,0,1996-12-13,1,1,1996-12-13,1,
0,0,1996-12-14,1,2,1996-12-15,2,
0,0,1996-12-15,0,0,0000-00-00,2,
0,2,1996-12-16,1,5,1996-12-20,5,
0,2,1996-12-17,0,0,0000-00-00,5,
0,2,1996-12-18,0,0,0000-00-00,5,
0,2,1996-12-19,0,0,0000-00-00,5,
0,2,1996-12-20,0,0,0000-00-00,5,
2,2,1996-12-21,1,2,1996-12-22,2,
2,2,1996-12-22,0,0,0000-00-00,2,
2,1,1996-12-23,1,1,1996-12-23,1,
3,2,1996-12-24,1,3,1996-12-26,3,
3,2,1996-12-25,0,0,0000-00-00,3,
3,2,1996-12-26,0,0,0000-00-00,3,
2,2,1996-12-27,1,1,1996-12-27,1,
3,2,1996-12-28,1,1,1996-12-28,1,
2,2,1996-12-29,1,1,1996-12-29,1,
1,2,1996-12-30,1,2,1996-12-31,2,
1,2,1996-12-31,0,0,0000-00-00,2,
2,2,1997-01-01,1,4,1997-01-04,4,
2,2,1997-01-02,0,0,0000-00-00,4,
2,2,1997-01-03,0,0,0000-00-00,4,
2,2,1997-01-04,0,0,0000-00-00,4,
1,2,1997-01-05,1,2,1997-01-06,2,
1,2,1997-01-06,0,0,0000-00-00,2,
0,2,1997-01-07,1,5,1997-01-11,5,
0,2,1997-01-08,0,0,0000-00-00,5,
0,2,1997-01-09,0,0,0000-00-00,5,
0,2,1997-01-10,0,0,0000-00-00,5,
0,2,1997-01-11,0,0,0000-00-00,5,
0,0,1997-01-12,1,1,1997-01-12,1,
0,1,1997-01-13,1,1,1997-01-13,1,
0,0,1997-01-14,1,4,1997-01-17,4,
0,0,1997-01-15,0,0,0000-00-00,4,
0,0,1997-01-16,0,0,0000-00-00,4,
0,0,1997-01-17,0,0,0000-00-00,4,
2,2,1997-01-18,1,1,1997-01-18,1,
3,2,1997-01-19,1,2,1997-01-20,2,
3,2,1997-01-20,0,0,0000-00-00,2,
3,1,1997-01-21,1,2,1997-01-22,2,
3,1,1997-01-22,0,0,0000-00-00,2,
3,2,1997-01-23,1,1,1997-01-23,1,
3,0,1997-01-24,1,1,1997-01-24,1,
3,1,1997-01-25,1,1,1997-01-25,1,
3,2,1997-01-26,1,4,1997-01-29,4,
3,2,1997-01-27,0,0,0000-00-00,4,
3,2,1997-01-28,0,0,0000-00-00,4,
3,2,1997-01-29,0,0,0000-00-00,4,
2,2,1997-01-30,1,1,1997-01-30,1,
3,2,1997-01-31,1,1,1997-01-31,1,
3,1,1997-02-01,1,1,1997-02-01,1,
2,1,1997-02-02,1,1,1997-02-02,1,
0,1,1997-02-03,1,1,1997-02-03,1,
1,1,1997-02-04,1,1,1997-02-04,1,
2,0,1997-02-05,1,1,1997-02-05,1,
1,0,1997-02-06,1,1,1997-02-06,1,
0,2,1997-02-07,1,1,1997-02-07,1,
0,0,1997-02-08,1,1,1997-02-08,1,
1,0,1997-02-09,1,2,1997-02-10,2,
1,0,1997-02-10,0,0,0000-00-00,2,
2,0,1997-02-11,1,2,1997-02-12,2,
2,0,1997-02-12,0,0,0000-00-00,2,
0,0,1997-02-13,1,1,1997-02-13,1,
1,0,1997-02-14,1,1,1997-02-14,1,
1,1,1997-02-15,1,2,1997-02-16,2,
1,1,1997-02-16,0,0,0000-00-00,2,
1,0,1997-02-17,1,1,1997-02-17,1,
3,1,1997-02-18,1,2,1997-02-19,2,
3,1,1997-02-19,0,0,0000-00-00,2,
3,0,1997-02-20,1,2,1997-02-21,2,
3,0,1997-02-21,0,0,0000-00-00,2,
2,0,1997-02-22,1,1,1997-02-22,1,
0,0,1997-02-23,1,1,1997-02-23,1,
0,1,1997-02-24,1,1,1997-02-24,1,
1,1,1997-02-25,1,1,1997-02-25,1,
2,1,1997-02-26,1,1,1997-02-26,1,
1,0,1997-02-27,1,3,1997-03-01,3,
1,0,1997-02-28,0,0,0000-00-00,3,
1,0,1997-03-01,0,0,0000-00-00,3,
3,0,1997-03-02,1,1,1997-03-02,1,
1,1,1997-03-03,1,1,1997-03-03,1,
3,0,1997-03-04,1,1,1997-03-04,1,
3,1,1997-03-05,1,1,1997-03-05,1,
3,0,1997-03-06,1,1,1997-03-06,1,
3,1,1997-03-07,1,4,1997-03-10,4,
3,1,1997-03-08,0,0,0000-00-00,4,
3,1,1997-03-09,0,0,0000-00-00,4,
3,1,1997-03-10,0,0,0000-00-00,4,
2,0,1997-03-11,1,1,1997-03-11,1,
0,2,1997-03-12,1,3,1997-03-14,3,
0,2,1997-03-13,0,0,0000-00-00,3,
0,2,1997-03-14,0,0,0000-00-00,3,
0,1,1997-03-15,1,1,1997-03-15,1,
0,2,1997-03-16,1,2,1997-03-17,2,
0,2,1997-03-17,0,0,0000-00-00,2,
1,2,1997-03-18,1,1,1997-03-18,1,
1,1,1997-03-19,1,1,1997-03-19,1,
0,2,1997-03-20,1,1,1997-03-20,1,
1,1,1997-03-21,1,1,1997-03-21,1,
1,2,1997-03-22,1,1,1997-03-22,1,
0,1,1997-03-23,1,1,1997-03-23,1,
1,1,1997-03-24,1,1,1997-03-24,1,
3,0,1997-03-25,1,1,1997-03-25,1,
2,0,1997-03-26,1,1,1997-03-26,1,
2,1,1997-03-27,1,1,1997-03-27,1,
3,2,1997-03-28,1,1,1997-03-28,1,
3,1,1997-03-29,1,1,1997-03-29,1,
3,0,1997-03-30,1,2,1997-03-31,2,
3,0,1997-03-31,0,0,0000-00-00,2,
2,0,1997-11-01,1,1,1997-11-01,1,
1,1,1997-11-02,1,2,1997-11-03,2,
1,1,1997-11-03,0,0,0000-00-00,2,
2,2,1997-11-04,1,1,1997-11-04,1,
3,0,1997-11-05,1,1,1997-11-05,1,
2,0,1997-11-06,1,1,1997-11-06,1,
0,0,1997-11-07,1,4,1997-11-10,4,
0,0,1997-11-08,0,0,0000-00-00,4,
0,0,1997-11-09,0,0,0000-00-00,4,
0,0,1997-11-10,0,0,0000-00-00,4,
1,2,1997-11-11,1,1,1997-11-11,1,
0,2,1997-11-12,1,2,1997-11-13,2,
0,2,1997-11-13,0,0,0000-00-00,2,
0,1,1997-11-14,1,1,1997-11-14,1,
1,0,1997-11-15,1,1,1997-11-15,1,
2,0,1997-11-16,1,1,1997-11-16,1,
2,1,1997-11-17,1,1,1997-11-17,1,
1,0,1997-11-18,1,1,1997-11-18,1,
2,0,1997-11-19,1,3,1997-11-21,3,
2,0,1997-11-20,0,0,0000-00-00,3,
2,0,1997-11-21,0,0,0000-00-00,3,
1,0,1997-11-22,1,1,1997-11-22,1,
1,2,1997-11-23,1,1,1997-11-23,1,
1,0,1997-11-24,1,2,1997-11-25,2,
1,0,1997-11-25,0,0,0000-00-00,2,
0,2,1997-11-26,1,9,1997-12-04,9,
0,2,1997-11-27,0,0,0000-00-00,9,
0,2,1997-11-28,0,0,0000-00-00,9,
0,2,1997-11-29,0,0,0000-00-00,9,
0,2,1997-11-30,0,0,0000-00-00,9,
0,2,1997-12-01,0,0,0000-00-00,9,
0,2,1997-12-02,0,0,0000-00-00,9,
0,2,1997-12-03,0,0,0000-00-00,9,
0,2,1997-12-04,0,0,0000-00-00,9,
1,2,1997-12-05,1,1,1997-12-05,1,
0,0,1997-12-06,1,1,1997-12-06,1,
1,0,1997-12-07,1,1,1997-12-07,1,
2,1,1997-12-08,1,1,1997-12-08,1,
3,0,1997-12-09,1,3,1997-12-11,3,
3,0,1997-12-10,0,0,0000-00-00,3,
3,0,1997-12-11,0,0,0000-00-00,3,
2,1,1997-12-12,1,1,1997-12-12,1,
0,2,1997-12-13,1,1,1997-12-13,1,
1,2,1997-12-14,1,1,1997-12-14,1,
3,2,1997-12-15,1,1,1997-12-15,1,
0,2,1997-12-16,1,3,1997-12-18,3,
0,2,1997-12-17,0,0,0000-00-00,3,
0,2,1997-12-18,0,0,0000-00-00,3,
0,1,1997-12-19,1,1,1997-12-19,1,
1,2,1997-12-20,1,1,1997-12-20,1,
2,2,1997-12-21,1,2,1997-12-22,2,
2,2,1997-12-22,0,0,0000-00-00,2,
0,1,1997-12-23,1,1,1997-12-23,1,
1,0,1997-12-24,1,1,1997-12-24,1,
2,0,1997-12-25,1,2,1997-12-26,2,
2,0,1997-12-26,0,0,0000-00-00,2,
2,2,1997-12-27,1,1,1997-12-27,1,
1,2,1997-12-28,1,1,1997-12-28,1,
3,1,1997-12-29,1,1,1997-12-29,1,
3,0,1997-12-30,1,1,1997-12-30,1,
2,0,1997-12-31,1,3,1998-01-02,3,
2,0,1998-01-01,0,0,0000-00-00,3,
2,0,1998-01-02,0,0,0000-00-00,3,
3,0,1998-01-03,1,1,1998-01-03,1,
2,0,1998-01-04,1,1,1998-01-04,1,
1,0,1998-01-05,1,1,1998-01-05,1,
0,0,1998-01-06,1,7,1998-01-12,7,
0,0,1998-01-07,0,0,0000-00-00,7,
0,0,1998-01-08,0,0,0000-00-00,7,
0,0,1998-01-09,0,0,0000-00-00,7,
0,0,1998-01-10,0,0,0000-00-00,7,
0,0,1998-01-11,0,0,0000-00-00,7,
0,0,1998-01-12,0,0,0000-00-00,7,
0,1,1998-01-13,1,1,1998-01-13,1,
0,2,1998-01-14,1,5,1998-01-18,5,
0,2,1998-01-15,0,0,0000-00-00,5,
0,2,1998-01-16,0,0,0000-00-00,5,
0,2,1998-01-17,0,0,0000-00-00,5,
0,2,1998-01-18,0,0,0000-00-00,5,
1,2,1998-01-19,1,1,1998-01-19,1,
2,0,1998-01-20,1,1,1998-01-20,1,
3,0,1998-01-21,1,1,1998-01-21,1,
2,2,1998-01-22,1,2,1998-01-23,2,
2,2,1998-01-23,0,0,0000-00-00,2,
3,2,1998-01-24,1,1,1998-01-24,1,
2,1,1998-01-25,1,1,1998-01-25,1,
1,2,1998-01-26,1,1,1998-01-26,1,
2,2,1998-01-27,1,2,1998-01-28,2,
2,2,1998-01-28,0,0,0000-00-00,2,
2,1,1998-01-29,1,2,1998-01-30,2,
2,1,1998-01-30,0,0,0000-00-00,2,
1,1,1998-01-31,1,1,1998-01-31,1,
3,2,1998-02-01,1,1,1998-02-01,1,
3,1,1998-02-02,1,1,1998-02-02,1,
3,0,1998-02-03,1,1,1998-02-03,1,
2,0,1998-02-04,1,3,1998-02-06,3,
2,0,1998-02-05,0,0,0000-00-00,3,
2,0,1998-02-06,0,0,0000-00-00,3,
1,1,1998-02-07,1,1,1998-02-07,1,
2,0,1998-02-08,1,1,1998-02-08,1,
3,0,1998-02-09,1,1,1998-02-09,1,
2,0,1998-02-10,1,2,1998-02-11,2,
2,0,1998-02-11,0,0,0000-00-00,2,
1,1,1998-02-12,1,1,1998-02-12,1,
2,0,1998-02-13,1,1,1998-02-13,1,
2,2,1998-02-14,1,2,1998-02-15,2,
2,2,1998-02-15,0,0,0000-00-00,2,
3,2,1998-02-16,1,1,1998-02-16,1,
3,1,1998-02-17,1,1,1998-02-17,1,
2,0,1998-02-18,1,1,1998-02-18,1,
1,0,1998-02-19,1,2,1998-02-20,2,
1,0,1998-02-20,0,0,0000-00-00,2,
2,0,1998-02-21,1,1,1998-02-21,1,
1,1,1998-02-22,1,2,1998-02-23,2,
1,1,1998-02-23,0,0,0000-00-00,2,
2,0,1998-02-24,1,3,1998-02-26,3,
2,0,1998-02-25,0,0,0000-00-00,3,
2,0,1998-02-26,0,0,0000-00-00,3,
1,0,1998-02-27,1,1,1998-02-27,1,
0,0,1998-02-28,1,1,1998-02-28,1,
0,2,1998-03-01,1,2,1998-03-02,2,
0,2,1998-03-02,0,0,0000-00-00,2,
0,0,1998-03-03,1,1,1998-03-03,1,
0,1,1998-03-04,1,1,1998-03-04,1,
0,2,1998-03-05,1,2,1998-03-06,2,
0,2,1998-03-06,0,0,0000-00-00,2,
0,0,1998-03-07,1,1,1998-03-07,1,
2,0,1998-03-08,1,1,1998-03-08,1,
1,1,1998-03-09,1,1,1998-03-09,1,
3,2,1998-03-10,1,1,1998-03-10,1,
3,1,1998-03-11,1,1,1998-03-11,1,
3,2,1998-03-12,1,3,1998-03-14,3,
3,2,1998-03-13,0,0,0000-00-00,3,
3,2,1998-03-14,0,0,0000-00-00,3,
3,1,1998-03-15,1,2,1998-03-16,2,
3,1,1998-03-16,0,0,0000-00-00,2,
2,1,1998-03-17,1,1,1998-03-17,1,
1,2,1998-03-18,1,1,1998-03-18,1,
2,2,1998-03-19,1,1,1998-03-19,1,
3,2,1998-03-20,1,2,1998-03-21,2,
3,2,1998-03-21,0,0,0000-00-00,2,
2,0,1998-03-22,1,2,1998-03-23,2,
2,0,1998-03-23,0,0,0000-00-00,2,
1,2,1998-03-24,1,1,1998-03-24,1,
1,1,1998-03-25,1,1,1998-03-25,1,
1,0,1998-03-26,1,3,1998-03-28,3,
1,0,1998-03-27,0,0,0000-00-00,3,
1,0,1998-03-28,0,0,0000-00-00,3,
1,1,1998-03-29,1,1,1998-03-29,1,
1,2,1998-03-30,1,1,1998-03-30,1,
0,2,1998-03-31,1,1,1998-03-31,1,
0,1,1998-11-01,1,2,1998-11-02,2,
0,1,1998-11-02,0,0,0000-00-00,2,
1,1,1998-11-03,1,2,1998-11-04,2,
1,1,1998-11-04,0,0,0000-00-00,2,
1,2,1998-11-05,1,1,1998-11-05,1,
0,1,1998-11-06,1,1,1998-11-06,1,
2,0,1998-11-07,1,1,1998-11-07,1,
3,1,1998-11-08,1,1,1998-11-08,1,
3,0,1998-11-09,1,2,1998-11-10,2,
3,0,1998-11-10,0,0,0000-00-00,2,
2,0,1998-11-11,1,1,1998-11-11,1,
0,0,1998-11-12,1,1,1998-11-12,1,
0,1,1998-11-13,1,1,1998-11-13,1,
1,2,1998-11-14,1,1,1998-11-14,1,
1,1,1998-11-15,1,1,1998-11-15,1,
1,0,1998-11-16,1,1,1998-11-16,1,
1,2,1998-11-17,1,2,1998-11-18,2,
1,2,1998-11-18,0,0,0000-00-00,2,
1,1,1998-11-19,1,1,1998-11-19,1,
1,0,1998-11-20,1,1,1998-11-20,1,
2,0,1998-11-21,1,1,1998-11-21,1,
1,1,1998-11-22,1,1,1998-11-22,1,
2,0,1998-11-23,1,2,1998-11-24,2,
2,0,1998-11-24,0,0,0000-00-00,2,
2,1,1998-11-25,1,1,1998-11-25,1,
1,1,1998-11-26,1,1,1998-11-26,1,
2,0,1998-11-27,1,2,1998-11-28,2,
2,0,1998-11-28,0,0,0000-00-00,2,
2,2,1998-11-29,1,1,1998-11-29,1,
3,2,1998-11-30,1,1,1998-11-30,1,
3,0,1998-12-01,1,1,1998-12-01,1,
1,2,1998-12-02,1,1,1998-12-02,1,
0,2,1998-12-03,1,1,1998-12-03,1,
1,2,1998-12-04,1,3,1998-12-06,3,
1,2,1998-12-05,0,0,0000-00-00,3,
1,2,1998-12-06,0,0,0000-00-00,3,
2,1,1998-12-07,1,1,1998-12-07,1,
1,1,1998-12-08,1,1,1998-12-08,1,
2,0,1998-12-09,1,1,1998-12-09,1,
3,0,1998-12-10,1,1,1998-12-10,1,
1,1,1998-12-11,1,1,1998-12-11,1,
1,0,1998-12-12,1,1,1998-12-12,1,
1,2,1998-12-13,1,1,1998-12-13,1,
0,0,1998-12-14,1,1,1998-12-14,1,
1,2,1998-12-15,1,1,1998-12-15,1,
0,1,1998-12-16,1,1,1998-12-16,1,
1,0,1998-12-17,1,1,1998-12-17,1,
2,2,1998-12-18,1,1,1998-12-18,1,
1,2,1998-12-19,1,1,1998-12-19,1,
2,2,1998-12-20,1,1,1998-12-20,1,
3,0,1998-12-21,1,2,1998-12-22,2,
3,0,1998-12-22,0,0,0000-00-00,2,
1,1,1998-12-23,1,1,1998-12-23,1,
2,0,1998-12-24,1,3,1998-12-26,3,
2,0,1998-12-25,0,0,0000-00-00,3,
2,0,1998-12-26,0,0,0000-00-00,3,
0,0,1998-12-27,1,1,1998-12-27,1,
1,0,1998-12-28,1,2,1998-12-29,2,
1,0,1998-12-29,0,0,0000-00-00,2,
0,0,1998-12-30,1,1,1998-12-30,1,
0,1,1998-12-31,1,1,1998-12-31,1,
0,2,1999-01-01,1,1,1999-01-01,1,
0,1,1999-01-02,1,1,1999-01-02,1,
0,0,1999-01-03,1,2,1999-01-04,2,
0,0,1999-01-04,0,0,0000-00-00,2,
1,2,1999-01-05,1,1,1999-01-05,1,
2,2,1999-01-06,1,1,1999-01-06,1,
3,0,1999-01-07,1,1,1999-01-07,1,
2,1,1999-01-08,1,2,1999-01-09,2,
2,1,1999-01-09,0,0,0000-00-00,2,
3,1,1999-01-10,1,1,1999-01-10,1,
3,0,1999-01-11,1,1,1999-01-11,1,
2,0,1999-01-12,1,1,1999-01-12,1,
3,0,1999-01-13,1,2,1999-01-14,2,
3,0,1999-01-14,0,0,0000-00-00,2,
2,0,1999-01-15,1,1,1999-01-15,1,
0,0,1999-01-16,1,1,1999-01-16,1,
0,1,1999-01-17,1,2,1999-01-18,2,
0,1,1999-01-18,0,0,0000-00-00,2,
2,0,1999-01-19,1,1,1999-01-19,1,
1,0,1999-01-20,1,1,1999-01-20,1,
1,2,1999-01-21,1,1,1999-01-21,1,
1,0,1999-01-22,1,2,1999-01-23,2,
1,0,1999-01-23,0,0,0000-00-00,2,
2,0,1999-01-24,1,1,1999-01-24,1,
1,0,1999-01-25,1,1,1999-01-25,1,
1,1,1999-01-26,1,1,1999-01-26,1,
2,0,1999-01-27,1,1,1999-01-27,1,
3,2,1999-01-28,1,1,1999-01-28,1,
3,1,1999-01-29,1,1,1999-01-29,1,
3,2,1999-01-30,1,1,1999-01-30,1,
2,0,1999-01-31,1,1,1999-01-31,1,
3,0,1999-02-01,1,1,1999-02-01,1,
3,1,1999-02-02,1,1,1999-02-02,1,
3,0,1999-02-03,1,2,1999-02-04,2,
3,0,1999-02-04,0,0,0000-00-00,2,
1,1,1999-02-05,1,1,1999-02-05,1,
1,2,1999-02-06,1,1,1999-02-06,1,
2,2,1999-02-07,1,1,1999-02-07,1,
1,2,1999-02-08,1,1,1999-02-08,1,
2,2,1999-02-09,1,1,1999-02-09,1,
3,2,1999-02-10,1,1,1999-02-10,1,
2,1,1999-02-11,1,1,1999-02-11,1,
3,1,1999-02-12,1,3,1999-02-14,3,
3,1,1999-02-13,0,0,0000-00-00,3,
3,1,1999-02-14,0,0,0000-00-00,3,
3,0,1999-02-15,1,1,1999-02-15,1,
1,1,1999-02-16,1,1,1999-02-16,1,
2,0,1999-02-17,1,4,1999-02-20,4,
2,0,1999-02-18,0,0,0000-00-00,4,
2,0,1999-02-19,0,0,0000-00-00,4,
2,0,1999-02-20,0,0,0000-00-00,4,
1,0,1999-02-21,1,1,1999-02-21,1,
1,2,1999-02-22,1,1,1999-02-22,1,
1,1,1999-02-23,1,1,1999-02-23,1,
2,1,1999-02-24,1,1,1999-02-24,1,
3,0,1999-02-25,1,2,1999-02-26,2,
3,0,1999-02-26,0,0,0000-00-00,2,
2,0,1999-02-27,1,1,1999-02-27,1,
0,0,1999-02-28,1,1,1999-02-28,1,
0,1,1999-03-01,1,1,1999-03-01,1,
1,0,1999-03-02,1,1,1999-03-02,1,
1,1,1999-03-03,1,1,1999-03-03,1,
2,2,1999-03-04,1,1,1999-03-04,1,
2,1,1999-03-05,1,1,1999-03-05,1,
0,1,1999-03-06,1,1,1999-03-06,1,
1,2,1999-03-07,1,1,1999-03-07,1,
2,1,1999-03-08,1,1,1999-03-08,1,
3,0,1999-03-09,1,1,1999-03-09,1,
2,0,1999-03-10,1,1,1999-03-10,1,
0,0,1999-03-11,1,4,1999-03-14,4,
0,0,1999-03-12,0,0,0000-00-00,4,
0,0,1999-03-13,0,0,0000-00-00,4,
0,0,1999-03-14,0,0,0000-00-00,4,
0,2,1999-03-15,1,1,1999-03-15,1,
0,0,1999-03-16,1,1,1999-03-16,1,
1,0,1999-03-17,1,1,1999-03-17,1,
2,2,1999-03-18,1,2,1999-03-19,2,
2,2,1999-03-19,0,0,0000-00-00,2,
3,0,1999-03-20,1,1,1999-03-20,1,
2,1,1999-03-21,1,1,1999-03-21,1,
1,0,1999-03-22,1,2,1999-03-23,2,
1,0,1999-03-23,0,0,0000-00-00,2,
0,1,1999-03-24,1,1,1999-03-24,1,
1,2,1999-03-25,1,1,1999-03-25,1,
1,1,1999-03-26,1,1,1999-03-26,1,
0,2,1999-03-27,1,1,1999-03-27,1,
0,0,1999-03-28,1,1,1999-03-28,1,
1,0,1999-03-29,1,2,1999-03-30,2,
1,0,1999-03-30,0,0,0000-00-00,2,
0,2,1999-03-31,1,1,1999-03-31,1,
1,0,1999-11-01,1,1,1999-11-01,1,
1,1,1999-11-02,1,1,1999-11-02,1,
2,0,1999-11-03,1,2,1999-11-04,2,
2,0,1999-11-04,0,0,0000-00-00,2,
2,2,1999-11-05,1,1,1999-11-05,1,
2,1,1999-11-06,1,1,1999-11-06,1,
3,1,1999-11-07,1,1,1999-11-07,1,
3,2,1999-11-08,1,1,1999-11-08,1,
2,2,1999-11-09,1,2,1999-11-10,2,
2,2,1999-11-10,0,0,0000-00-00,2,
3,2,1999-11-11,1,1,1999-11-11,1,
2,2,1999-11-12,1,2,1999-11-13,2,
2,2,1999-11-13,0,0,0000-00-00,2,
3,1,1999-11-14,1,2,1999-11-15,2,
3,1,1999-11-15,0,0,0000-00-00,2,
2,2,1999-11-16,1,2,1999-11-17,2,
2,2,1999-11-17,0,0,0000-00-00,2,
3,2,1999-11-18,1,2,1999-11-19,2,
3,2,1999-11-19,0,0,0000-00-00,2,
3,1,1999-11-20,1,2,1999-11-21,2,
3,1,1999-11-21,0,0,0000-00-00,2,
3,0,1999-11-22,1,1,1999-11-22,1,
2,0,1999-11-23,1,1,1999-11-23,1,
1,0,1999-11-24,1,1,1999-11-24,1,
0,1,1999-11-25,1,3,1999-11-27,3,
0,1,1999-11-26,0,0,0000-00-00,3,
0,1,1999-11-27,0,0,0000-00-00,3,
1,1,1999-11-28,1,2,1999-11-29,2,
1,1,1999-11-29,0,0,0000-00-00,2,
2,0,1999-11-30,1,1,1999-11-30,1,
3,0,1999-12-01,1,1,1999-12-01,1,
2,0,1999-12-02,1,1,1999-12-02,1,
1,1,1999-12-03,1,1,1999-12-03,1,
1,2,1999-12-04,1,1,1999-12-04,1,
2,0,1999-12-05,1,4,1999-12-08,4,
2,0,1999-12-06,0,0,0000-00-00,4,
2,0,1999-12-07,0,0,0000-00-00,4,
2,0,1999-12-08,0,0,0000-00-00,4,
0,0,1999-12-09,1,2,1999-12-10,2,
0,0,1999-12-10,0,0,0000-00-00,2,
1,0,1999-12-11,1,1,1999-12-11,1,
2,0,1999-12-12,1,1,1999-12-12,1,
0,0,1999-12-13,1,1,1999-12-13,1,
1,2,1999-12-14,1,1,1999-12-14,1,
2,2,1999-12-15,1,1,1999-12-15,1,
0,1,1999-12-16,1,1,1999-12-16,1,
0,2,1999-12-17,1,1,1999-12-17,1,
1,2,1999-12-18,1,1,1999-12-18,1,
2,2,1999-12-19,1,1,1999-12-19,1,
2,1,1999-12-20,1,1,1999-12-20,1,
1,0,1999-12-21,1,1,1999-12-21,1,
1,1,1999-12-22,1,2,1999-12-23,2,
1,1,1999-12-23,0,0,0000-00-00,2,
1,0,1999-12-24,1,2,1999-12-25,2,
1,0,1999-12-25,0,0,0000-00-00,2,
2,0,1999-12-26,1,1,1999-12-26,1,
2,1,1999-12-27,1,1,1999-12-27,1,
2,2,1999-12-28,1,1,1999-12-28,1,
3,1,1999-12-29,1,1,1999-12-29,1,
2,2,1999-12-30,1,1,1999-12-30,1,
3,0,1999-12-31,1,1,1999-12-31,1,
3,1,2000-01-01,1,2,2000-01-02,2,
3,1,2000-01-02,0,0,0000-00-00,2,
3,0,2000-01-03,1,2,2000-01-04,2,
3,0,2000-01-04,0,0,0000-00-00,2,
2,0,2000-01-05,1,3,2000-01-07,3,
2,0,2000-01-06,0,0,0000-00-00,3,
2,0,2000-01-07,0,0,0000-00-00,3,
3,0,2000-01-08,1,1,2000-01-08,1,
2,1,2000-01-09,1,1,2000-01-09,1,
3,0,2000-01-10,1,1,2000-01-10,1,
2,0,2000-01-11,1,1,2000-01-11,1,
2,2,2000-01-12,1,2,2000-01-13,2,
2,2,2000-01-13,0,0,0000-00-00,2,
3,2,2000-01-14,1,4,2000-01-17,4,
3,2,2000-01-15,0,0,0000-00-00,4,
3,2,2000-01-16,0,0,0000-00-00,4,
3,2,2000-01-17,0,0,0000-00-00,4,
2,2,2000-01-18,1,2,2000-01-19,2,
2,2,2000-01-19,0,0,0000-00-00,2,
3,2,2000-01-20,1,1,2000-01-20,1,
2,2,2000-01-21,1,3,2000-01-23,3,
2,2,2000-01-22,0,0,0000-00-00,3,
2,2,2000-01-23,0,0,0000-00-00,3,
3,2,2000-01-24,1,1,2000-01-24,1,
3,1,2000-01-25,1,1,2000-01-25,1,
3,2,2000-01-26,1,1,2000-01-26,1,
2,1,2000-01-27,1,1,2000-01-27,1,
2,0,2000-01-28,1,1,2000-01-28,1,
1,1,2000-01-29,1,1,2000-01-29,1,
2,0,2000-01-30,1,1,2000-01-30,1,
3,0,2000-01-31,1,2,2000-02-01,2,
3,0,2000-02-01,0,0,0000-00-00,2,
1,1,2000-02-02,1,1,2000-02-02,1,
1,2,2000-02-03,1,1,2000-02-03,1,
2,0,2000-02-04,1,1,2000-02-04,1,
3,1,2000-02-05,1,2,2000-02-06,2,
3,1,2000-02-06,0,0,0000-00-00,2,
2,1,2000-02-07,1,1,2000-02-07,1,
2,0,2000-02-08,1,1,2000-02-08,1,
3,0,2000-02-09,1,2,2000-02-10,2,
3,0,2000-02-10,0,0,0000-00-00,2,
2,0,2000-02-11,1,2,2000-02-12,2,
2,0,2000-02-12,0,0,0000-00-00,2,
1,2,2000-02-13,1,1,2000-02-13,1,
3,0,2000-02-14,1,1,2000-02-14,1,
2,0,2000-02-15,1,1,2000-02-15,1,
0,2,2000-02-16,1,1,2000-02-16,1,
1,0,2000-02-17,1,1,2000-02-17,1,
0,2,2000-02-18,1,1,2000-02-18,1,
2,2,2000-02-19,1,1,2000-02-19,1,
2,1,2000-02-20,1,1,2000-02-20,1,
3,1,2000-02-21,1,1,2000-02-21,1,
2,1,2000-02-22,1,1,2000-02-22,1,
3,0,2000-02-23,1,3,2000-02-25,3,
3,0,2000-02-24,0,0,0000-00-00,3,
3,0,2000-02-25,0,0,0000-00-00,3,
2,0,2000-02-26,1,1,2000-02-26,1,
1,0,2000-02-27,1,1,2000-02-27,1,
1,1,2000-02-28,1,2,2000-03-01,2,
1,1,2000-03-01,0,0,0000-00-00,2,
0,0,2000-03-02,1,1,2000-03-02,1,
1,2,2000-03-03,1,1,2000-03-03,1,
2,2,2000-03-04,1,1,2000-03-04,1,
2,0,2000-03-05,1,1,2000-03-05,1,
0,2,2000-03-06,1,1,2000-03-06,1,
0,1,2000-03-07,1,2,2000-03-08,2,
0,1,2000-03-08,0,0,0000-00-00,2,
1,2,2000-03-09,1,1,2000-03-09,1,
2,1,2000-03-10,1,1,2000-03-10,1,
3,1,2000-03-11,1,2,2000-03-12,2,
3,1,2000-03-12,0,0,0000-00-00,2,
3,0,2000-03-13,1,1,2000-03-13,1,
3,2,2000-03-14,1,2,2000-03-15,2,
3,2,2000-03-15,0,0,0000-00-00,2,
3,1,2000-03-16,1,1,2000-03-16,1,
3,2,2000-03-17,1,1,2000-03-17,1,
3,1,2000-03-18,1,1,2000-03-18,1,
3,0,2000-03-19,1,1,2000-03-19,1,
2,0,2000-03-20,1,2,2000-03-21,2,
2,0,2000-03-21,0,0,0000-00-00,2,
0,0,2000-03-22,1,3,2000-03-24,3,
0,0,2000-03-23,0,0,0000-00-00,3,
0,0,2000-03-24,0,0,0000-00-00,3,
0,1,2000-03-25,1,1,2000-03-25,1,
0,2,2000-03-26,1,1,2000-03-26,1,
1,2,2000-03-27,1,1,2000-03-27,1,
3,2,2000-03-28,1,1,2000-03-28,1,
3,1,2000-03-29,1,1,2000-03-29,1,
2,0,2000-03-30,1,1,2000-03-30,1,
0,0,2000-03-31,1,1,2000-03-31,1,
1,0,2000-11-01,1,1,2000-11-01,1,
1,1,2000-11-02,1,2,2000-11-03,2,
1,1,2000-11-03,0,0,0000-00-00,2,
0,1,2000-11-04,1,2,2000-11-05,2,
0,1,2000-11-05,0,0,0000-00-00,2,
2,2,2000-11-06,1,1,2000-11-06,1,
2,1,2000-11-07,1,2,2000-11-08,2,
2,1,2000-11-08,0,0,0000-00-00,2,
1,0,2000-11-09,1,1,2000-11-09,1,
0,0,2000-11-10,1,2,2000-11-11,2,
0,0,2000-11-11,0,0,0000-00-00,2,
2,2,2000-11-12,1,1,2000-11-12,1,
3,2,2000-11-13,1,1,2000-11-13,1,
2,0,2000-11-14,1,2,2000-11-15,2,
2,0,2000-11-15,0,0,0000-00-00,2,
1,1,2000-11-16,1,1,2000-11-16,1,
1,2,2000-11-17,1,1,2000-11-17,1,
2,2,2000-11-18,1,1,2000-11-18,1,
1,2,2000-11-19,1,1,2000-11-19,1,
1,1,2000-11-20,1,2,2000-11-21,2,
1,1,2000-11-21,0,0,0000-00-00,2,
0,1,2000-11-22,1,2,2000-11-23,2,
0,1,2000-11-23,0,0,0000-00-00,2,
0,2,2000-11-24,1,1,2000-11-24,1,
0,0,2000-11-25,1,13,2000-12-07,13,
0,0,2000-11-26,0,0,0000-00-00,13,
0,0,2000-11-27,0,0,0000-00-00,13,
0,0,2000-11-28,0,0,0000-00-00,13,
0,0,2000-11-29,0,0,0000-00-00,13,
0,0,2000-11-30,0,0,0000-00-00,13,
0,0,2000-12-01,0,0,0000-00-00,13,
0,0,2000-12-02,0,0,0000-00-00,13,
0,0,2000-12-03,0,0,0000-00-00,13,
0,0,2000-12-04,0,0,0000-00-00,13,
0,0,2000-12-05,0,0,0000-00-00,13,
0,0,2000-12-06,0,0,0000-00-00,13,
0,0,2000-12-07,0,0,0000-00-00,13,
0,1,2000-12-08,1,1,2000-12-08,1,
0,2,2000-12-09,1,2,2000-12-10,2,
0,2,2000-12-10,0,0,0000-00-00,2,
0,0,2000-12-11,1,2,2000-12-12,2,
0,0,2000-12-12,0,0,0000-00-00,2,
0,2,2000-12-13,1,1,2000-12-13,1,
2,2,2000-12-14,1,1,2000-12-14,1,
3,0,2000-12-15,1,1,2000-12-15,1,
3,1,2000-12-16,1,1,2000-12-16,1,
0,0,2000-12-17,1,2,2000-12-18,2,
0,0,2000-12-18,0,0,0000-00-00,2,
0,2,2000-12-19,1,1,2000-12-19,1,
0,0,2000-12-20,1,1,2000-12-20,1,
0,2,2000-12-21,1,10,2000-12-30,10,
0,2,2000-12-22,0,0,0000-00-00,10,
0,2,2000-12-23,0,0,0000-00-00,10,
0,2,2000-12-24,0,0,0000-00-00,10,
0,2,2000-12-25,0,0,0000-00-00,10,
0,2,2000-12-26,0,0,0000-00-00,10,
0,2,2000-12-27,0,0,0000-00-00,10,
0,2,2000-12-28,0,0,0000-00-00,10,
0,2,2000-12-29,0,0,0000-00-00,10,
0,2,2000-12-30,0,0,0000-00-00,10,
0,0,2000-12-31,1,2,2001-01-01,2,
0,0,2001-01-01,0,0,0000-00-00,2,
0,2,2001-01-02,1,2,2001-01-03,2,
0,2,2001-01-03,0,0,0000-00-00,2,
0,0,2001-01-04,1,1,2001-01-04,1,
1,0,2001-01-05,1,2,2001-01-06,2,
1,0,2001-01-06,0,0,0000-00-00,2,
1,1,2001-01-07,1,1,2001-01-07,1,
1,2,2001-01-08,1,2,2001-01-09,2,
1,2,2001-01-09,0,0,0000-00-00,2,
2,2,2001-01-10,1,2,2001-01-11,2,
2,2,2001-01-11,0,0,0000-00-00,2,
3,2,2001-01-12,1,2,2001-01-13,2,
3,2,2001-01-13,0,0,0000-00-00,2,
3,1,2001-01-14,1,2,2001-01-15,2,
3,1,2001-01-15,0,0,0000-00-00,2,
3,2,2001-01-16,1,2,2001-01-17,2,
3,2,2001-01-17,0,0,0000-00-00,2,
2,2,2001-01-18,1,1,2001-01-18,1,
3,2,2001-01-19,1,1,2001-01-19,1,
3,1,2001-01-20,1,1,2001-01-20,1,
3,2,2001-01-21,1,1,2001-01-21,1,
1,1,2001-01-22,1,1,2001-01-22,1,
1,0,2001-01-23,1,1,2001-01-23,1,
2,0,2001-01-24,1,4,2001-01-27,4,
2,0,2001-01-25,0,0,0000-00-00,4,
2,0,2001-01-26,0,0,0000-00-00,4,
2,0,2001-01-27,0,0,0000-00-00,4,
0,2,2001-01-28,1,1,2001-01-28,1,
1,1,2001-01-29,1,1,2001-01-29,1,
1,2,2001-01-30,1,1,2001-01-30,1,
3,2,2001-01-31,1,2,2001-02-01,2,
3,2,2001-02-01,0,0,0000-00-00,2,
3,0,2001-02-02,1,1,2001-02-02,1,
3,1,2001-02-03,1,1,2001-02-03,1,
1,2,2001-02-04,1,1,2001-02-04,1,
0,2,2001-02-05,1,1,2001-02-05,1,
0,1,2001-02-06,1,1,2001-02-06,1,
0,2,2001-02-07,1,1,2001-02-07,1,
1,2,2001-02-08,1,1,2001-02-08,1,
0,2,2001-02-09,1,1,2001-02-09,1,
1,0,2001-02-10,1,1,2001-02-10,1,
2,0,2001-02-11,1,1,2001-02-11,1,
2,2,2001-02-12,1,1,2001-02-12,1,
3,1,2001-02-13,1,2,2001-02-14,2,
3,1,2001-02-14,0,0,0000-00-00,2,
3,2,2001-02-15,1,1,2001-02-15,1,
3,1,2001-02-16,1,1,2001-02-16,1,
1,1,2001-02-17,1,1,2001-02-17,1,
3,2,2001-02-18,1,2,2001-02-19,2,
3,2,2001-02-19,0,0,0000-00-00,2,
3,1,2001-02-20,1,1,2001-02-20,1,
2,1,2001-02-21,1,1,2001-02-21,1,
0,2,2001-02-22,1,1,2001-02-22,1,
1,2,2001-02-23,1,1,2001-02-23,1,
1,1,2001-02-24,1,1,2001-02-24,1,
0,1,2001-02-25,1,1,2001-02-25,1,
1,1,2001-02-26,1,1,2001-02-26,1,
1,2,2001-02-27,1,1,2001-02-27,1,
0,2,2001-02-28,1,1,2001-02-28,1,
1,2,2001-03-01,1,1,2001-03-01,1,
1,0,2001-03-02,1,1,2001-03-02,1,
0,0,2001-03-03,1,7,2001-03-09,7,
0,0,2001-03-04,0,0,0000-00-00,7,
0,0,2001-03-05,0,0,0000-00-00,7,
0,0,2001-03-06,0,0,0000-00-00,7,
0,0,2001-03-07,0,0,0000-00-00,7,
0,0,2001-03-08,0,0,0000-00-00,7,
0,0,2001-03-09,0,0,0000-00-00,7,
1,0,2001-03-10,1,2,2001-03-11,2,
1,0,2001-03-11,0,0,0000-00-00,2,
0,1,2001-03-12,1,1,2001-03-12,1,
0,2,2001-03-13,1,8,2001-03-20,8,
0,2,2001-03-14,0,0,0000-00-00,8,
0,2,2001-03-15,0,0,0000-00-00,8,
0,2,2001-03-16,0,0,0000-00-00,8,
0,2,2001-03-17,0,0,0000-00-00,8,
0,2,2001-03-18,0,0,0000-00-00,8,
0,2,2001-03-19,0,0,0000-00-00,8,
0,2,2001-03-20,0,0,0000-00-00,8,
0,1,2001-03-21,1,1,2001-03-21,1,
0,0,2001-03-22,1,7,2001-03-28,7,
0,0,2001-03-23,0,0,0000-00-00,7,
0,0,2001-03-24,0,0,0000-00-00,7,
0,0,2001-03-25,0,0,0000-00-00,7,
0,0,2001-03-26,0,0,0000-00-00,7,
0,0,2001-03-27,0,0,0000-00-00,7,
0,0,2001-03-28,0,0,0000-00-00,7,
1,0,2001-03-29,1,2,2001-03-30,2,
1,0,2001-03-30,0,0,0000-00-00,2,
0,0,2001-03-31,1,1,2001-03-31,1,
2,0,2001-11-01,1,1,2001-11-01,1,
3,0,2001-11-02,1,1,2001-11-02,1,
3,1,2001-11-03,1,1,2001-11-03,1,
1,1,2001-11-04,1,2,2001-11-05,2,
1,1,2001-11-05,0,0,0000-00-00,2,
2,0,2001-11-06,1,1,2001-11-06,1,
0,1,2001-11-07,1,1,2001-11-07,1,
1,2,2001-11-08,1,1,2001-11-08,1,
3,2,2001-11-09,1,1,2001-11-09,1,
3,1,2001-11-10,1,1,2001-11-10,1,
0,2,2001-11-11,1,1,2001-11-11,1,
2,2,2001-11-12,1,2,2001-11-13,2,
2,2,2001-11-13,0,0,0000-00-00,2,
3,2,2001-11-14,1,1,2001-11-14,1,
2,2,2001-11-15,1,1,2001-11-15,1,
3,1,2001-11-16,1,1,2001-11-16,1,
3,2,2001-11-17,1,2,2001-11-18,2,
3,2,2001-11-18,0,0,0000-00-00,2,
3,1,2001-11-19,1,2,2001-11-20,2,
3,1,2001-11-20,0,0,0000-00-00,2,
3,2,2001-11-21,1,2,2001-11-22,2,
3,2,2001-11-22,0,0,0000-00-00,2,
3,1,2001-11-23,1,1,2001-11-23,1,
3,0,2001-11-24,1,3,2001-11-26,3,
3,0,2001-11-25,0,0,0000-00-00,3,
3,0,2001-11-26,0,0,0000-00-00,3,
1,0,2001-11-27,1,1,2001-11-27,1,
2,0,2001-11-28,1,1,2001-11-28,1,
3,0,2001-11-29,1,6,2001-12-04,6,
3,0,2001-11-30,0,0,0000-00-00,6,
3,0,2001-12-01,0,0,0000-00-00,6,
3,0,2001-12-02,0,0,0000-00-00,6,
3,0,2001-12-03,0,0,0000-00-00,6,
3,0,2001-12-04,0,0,0000-00-00,6,
3,1,2001-12-05,1,2,2001-12-06,2,
3,1,2001-12-06,0,0,0000-00-00,2,
3,2,2001-12-07,1,1,2001-12-07,1,
2,2,2001-12-08,1,1,2001-12-08,1,
1,2,2001-12-09,1,1,2001-12-09,1,
3,2,2001-12-10,1,2,2001-12-11,2,
3,2,2001-12-11,0,0,0000-00-00,2,
2,2,2001-12-12,1,1,2001-12-12,1,
1,2,2001-12-13,1,1,2001-12-13,1,
2,2,2001-12-14,1,1,2001-12-14,1,
1,2,2001-12-15,1,4,2001-12-18,4,
1,2,2001-12-16,0,0,0000-00-00,4,
1,2,2001-12-17,0,0,0000-00-00,4,
1,2,2001-12-18,0,0,0000-00-00,4,
2,2,2001-12-19,1,4,2001-12-22,4,
2,2,2001-12-20,0,0,0000-00-00,4,
2,2,2001-12-21,0,0,0000-00-00,4,
2,2,2001-12-22,0,0,0000-00-00,4,
3,2,2001-12-23,1,1,2001-12-23,1,
3,0,2001-12-24,1,1,2001-12-24,1,
2,0,2001-12-25,1,1,2001-12-25,1,
1,0,2001-12-26,1,1,2001-12-26,1,
1,1,2001-12-27,1,1,2001-12-27,1,
0,2,2001-12-28,1,2,2001-12-29,2,
0,2,2001-12-29,0,0,0000-00-00,2,
2,2,2001-12-30,1,5,2002-01-03,5,
2,2,2001-12-31,0,0,0000-00-00,5,
2,2,2002-01-01,0,0,0000-00-00,5,
2,2,2002-01-02,0,0,0000-00-00,5,
2,2,2002-01-03,0,0,0000-00-00,5,
2,1,2002-01-04,1,1,2002-01-04,1,
3,2,2002-01-05,1,1,2002-01-05,1,
3,1,2002-01-06,1,2,2002-01-07,2,
3,1,2002-01-07,0,0,0000-00-00,2,
3,2,2002-01-08,1,2,2002-01-09,2,
3,2,2002-01-09,0,0,0000-00-00,2,
3,1,2002-01-10,1,1,2002-01-10,1,
3,2,2002-01-11,1,1,2002-01-11,1,
1,2,2002-01-12,1,1,2002-01-12,1,
1,0,2002-01-13,1,2,2002-01-14,2,
1,0,2002-01-14,0,0,0000-00-00,2,
0,1,2002-01-15,1,1,2002-01-15,1,
2,0,2002-01-16,1,2,2002-01-17,2,
2,0,2002-01-17,0,0,0000-00-00,2,
0,0,2002-01-18,1,3,2002-01-20,3,
0,0,2002-01-19,0,0,0000-00-00,3,
0,0,2002-01-20,0,0,0000-00-00,3,
1,0,2002-01-21,1,1,2002-01-21,1,
0,1,2002-01-22,1,1,2002-01-22,1,
0,2,2002-01-23,1,6,2002-01-28,6,
0,2,2002-01-24,0,0,0000-00-00,6,
0,2,2002-01-25,0,0,0000-00-00,6,
0,2,2002-01-26,0,0,0000-00-00,6,
0,2,2002-01-27,0,0,0000-00-00,6,
0,2,2002-01-28,0,0,0000-00-00,6,
0,1,2002-01-29,1,1,2002-01-29,1,
1,0,2002-01-30,1,1,2002-01-30,1,
2,1,2002-01-31,1,1,2002-01-31,1,
0,0,2002-02-01,1,5,2002-02-05,5,
0,0,2002-02-02,0,0,0000-00-00,5,
0,0,2002-02-03,0,0,0000-00-00,5,
0,0,2002-02-04,0,0,0000-00-00,5,
0,0,2002-02-05,0,0,0000-00-00,5,
0,2,2002-02-06,1,2,2002-02-07,2,
0,2,2002-02-07,0,0,0000-00-00,2,
0,0,2002-02-08,1,4,2002-02-11,4,
0,0,2002-02-09,0,0,0000-00-00,4,
0,0,2002-02-10,0,0,0000-00-00,4,
0,0,2002-02-11,0,0,0000-00-00,4,
2,2,2002-02-12,1,1,2002-02-12,1,
3,1,2002-02-13,1,1,2002-02-13,1,
3,2,2002-02-14,1,1,2002-02-14,1,
3,1,2002-02-15,1,2,2002-02-16,2,
3,1,2002-02-16,0,0,0000-00-00,2,
3,0,2002-02-17,1,1,2002-02-17,1,
2,1,2002-02-18,1,1,2002-02-18,1,
2,0,2002-02-19,1,2,2002-02-20,2,
2,0,2002-02-20,0,0,0000-00-00,2,
0,1,2002-02-21,1,1,2002-02-21,1,
1,0,2002-02-22,1,2,2002-02-23,2,
1,0,2002-02-23,0,0,0000-00-00,2,
0,1,2002-02-24,1,1,2002-02-24,1,
1,0,2002-02-25,1,2,2002-02-26,2,
1,0,2002-02-26,0,0,0000-00-00,2,
1,1,2002-02-27,1,1,2002-02-27,1,
2,2,2002-02-28,1,1,2002-02-28,1,
3,2,2002-03-01,1,1,2002-03-01,1,
3,1,2002-03-02,1,1,2002-03-02,1,
3,0,2002-03-03,1,2,2002-03-04,2,
3,0,2002-03-04,0,0,0000-00-00,2,
1,1,2002-03-05,1,1,2002-03-05,1,
2,0,2002-03-06,1,2,2002-03-07,2,
2,0,2002-03-07,0,0,0000-00-00,2,
1,0,2002-03-08,1,1,2002-03-08,1,
0,0,2002-03-09,1,2,2002-03-10,2,
0,0,2002-03-10,0,0,0000-00-00,2,
1,2,2002-03-11,1,1,2002-03-11,1,
2,2,2002-03-12,1,1,2002-03-12,1,
3,2,2002-03-13,1,2,2002-03-14,2,
3,2,2002-03-14,0,0,0000-00-00,2,
0,2,2002-03-15,1,6,2002-03-20,6,
0,2,2002-03-16,0,0,0000-00-00,6,
0,2,2002-03-17,0,0,0000-00-00,6,
0,2,2002-03-18,0,0,0000-00-00,6,
0,2,2002-03-19,0,0,0000-00-00,6,
0,2,2002-03-20,0,0,0000-00-00,6,
0,1,2002-03-21,1,3,2002-03-23,3,
0,1,2002-03-22,0,0,0000-00-00,3,
0,1,2002-03-23,0,0,0000-00-00,3,
2,0,2002-03-24,1,1,2002-03-24,1,
2,1,2002-03-25,1,1,2002-03-25,1,
2,0,2002-03-26,1,2,2002-03-27,2,
2,0,2002-03-27,0,0,0000-00-00,2,
3,0,2002-03-28,1,1,2002-03-28,1,
2,0,2002-03-29,1,1,2002-03-29,1,
0,0,2002-03-30,1,1,2002-03-30,1,
1,0,2002-03-31,1,1,2002-03-31,1,
0,2,2002-11-01,1,1,2002-11-01,1,
1,1,2002-11-02,1,1,2002-11-02,1,
2,1,2002-11-03,1,1,2002-11-03,1,
1,2,2002-11-04,1,1,2002-11-04,1,
2,0,2002-11-05,1,1,2002-11-05,1,
3,0,2002-11-06,1,1,2002-11-06,1,
0,1,2002-11-07,1,1,2002-11-07,1,
0,2,2002-11-08,1,1,2002-11-08,1,
1,2,2002-11-09,1,1,2002-11-09,1,
1,1,2002-11-10,1,1,2002-11-10,1,
0,0,2002-11-11,1,1,2002-11-11,1,
0,1,2002-11-12,1,2,2002-11-13,2,
0,1,2002-11-13,0,0,0000-00-00,2,
1,1,2002-11-14,1,1,2002-11-14,1,
1,2,2002-11-15,1,2,2002-11-16,2,
1,2,2002-11-16,0,0,0000-00-00,2,
2,0,2002-11-17,1,1,2002-11-17,1,
3,0,2002-11-18,1,1,2002-11-18,1,
1,1,2002-11-19,1,1,2002-11-19,1,
0,0,2002-11-20,1,4,2002-11-23,4,
0,0,2002-11-21,0,0,0000-00-00,4,
0,0,2002-11-22,0,0,0000-00-00,4,
0,0,2002-11-23,0,0,0000-00-00,4,
0,2,2002-11-24,1,2,2002-11-25,2,
0,2,2002-11-25,0,0,0000-00-00,2,
0,0,2002-11-26,1,3,2002-11-28,3,
0,0,2002-11-27,0,0,0000-00-00,3,
0,0,2002-11-28,0,0,0000-00-00,3,
0,2,2002-11-29,1,1,2002-11-29,1,
2,1,2002-11-30,1,2,2002-12-01,2,
2,1,2002-12-01,0,0,0000-00-00,2,
2,2,2002-12-02,1,1,2002-12-02,1,
3,1,2002-12-03,1,2,2002-12-04,2,
3,1,2002-12-04,0,0,0000-00-00,2,
2,2,2002-12-05,1,1,2002-12-05,1,
3,2,2002-12-06,1,1,2002-12-06,1,
2,2,2002-12-07,1,1,2002-12-07,1,
0,2,2002-12-08,1,1,2002-12-08,1,
2,2,2002-12-09,1,2,2002-12-10,2,
2,2,2002-12-10,0,0,0000-00-00,2,
3,2,2002-12-11,1,2,2002-12-12,2,
3,2,2002-12-12,0,0,0000-00-00,2,
2,2,2002-12-13,1,1,2002-12-13,1,
1,2,2002-12-14,1,1,2002-12-14,1,
1,1,2002-12-15,1,1,2002-12-15,1,
2,2,2002-12-16,1,3,2002-12-18,3,
2,2,2002-12-17,0,0,0000-00-00,3,
2,2,2002-12-18,0,0,0000-00-00,3,
0,2,2002-12-19,1,3,2002-12-21,3,
0,2,2002-12-20,0,0,0000-00-00,3,
0,2,2002-12-21,0,0,0000-00-00,3,
1,1,2002-12-22,1,1,2002-12-22,1,
2,0,2002-12-23,1,2,2002-12-24,2,
2,0,2002-12-24,0,0,0000-00-00,2,
1,0,2002-12-25,1,2,2002-12-26,2,
1,0,2002-12-26,0,0,0000-00-00,2,
1,2,2002-12-27,1,1,2002-12-27,1,
0,2,2002-12-28,1,3,2002-12-30,3,
0,2,2002-12-29,0,0,0000-00-00,3,
0,2,2002-12-30,0,0,0000-00-00,3,
0,1,2002-12-31,1,1,2002-12-31,1,
0,0,2003-01-01,1,1,2003-01-01,1,
0,2,2003-01-02,1,4,2003-01-05,4,
0,2,2003-01-03,0,0,0000-00-00,4,
0,2,2003-01-04,0,0,0000-00-00,4,
0,2,2003-01-05,0,0,0000-00-00,4,
0,1,2003-01-06,1,1,2003-01-06,1,
2,0,2003-01-07,1,1,2003-01-07,1,
2,2,2003-01-08,1,3,2003-01-10,3,
2,2,2003-01-09,0,0,0000-00-00,3,
2,2,2003-01-10,0,0,0000-00-00,3,
2,1,2003-01-11,1,1,2003-01-11,1,
1,1,2003-01-12,1,1,2003-01-12,1,
3,1,2003-01-13,1,1,2003-01-13,1,
2,0,2003-01-14,1,1,2003-01-14,1,
1,0,2003-01-15,1,1,2003-01-15,1,
0,0,2003-01-16,1,1,2003-01-16,1,
0,2,2003-01-17,1,3,2003-01-19,3,
0,2,2003-01-18,0,0,0000-00-00,3,
0,2,2003-01-19,0,0,0000-00-00,3,
0,1,2003-01-20,1,1,2003-01-20,1,
0,2,2003-01-21,1,2,2003-01-22,2,
0,2,2003-01-22,0,0,0000-00-00,2,
1,1,2003-01-23,1,2,2003-01-24,2,
1,1,2003-01-24,0,0,0000-00-00,2,
1,2,2003-01-25,1,1,2003-01-25,1,
3,0,2003-01-26,1,2,2003-01-27,2,
3,0,2003-01-27,0,0,0000-00-00,2,
3,1,2003-01-28,1,1,2003-01-28,1,
2,2,2003-01-29,1,1,2003-01-29,1,
3,2,2003-01-30,1,1,2003-01-30,1,
3,1,2003-01-31,1,1,2003-01-31,1,
3,0,2003-02-01,1,1,2003-02-01,1,
2,0,2003-02-02,1,1,2003-02-02,1,
1,1,2003-02-03,1,1,2003-02-03,1,
1,2,2003-02-04,1,1,2003-02-04,1,
2,0,2003-02-05,1,1,2003-02-05,1,
3,1,2003-02-06,1,1,2003-02-06,1,
3,0,2003-02-07,1,2,2003-02-08,2,
3,0,2003-02-08,0,0,0000-00-00,2,
1,1,2003-02-09,1,1,2003-02-09,1,
2,0,2003-02-10,1,1,2003-02-10,1,
2,1,2003-02-11,1,1,2003-02-11,1,
1,2,2003-02-12,1,1,2003-02-12,1,
3,0,2003-02-13,1,1,2003-02-13,1,
3,2,2003-02-14,1,1,2003-02-14,1,
2,2,2003-02-15,1,1,2003-02-15,1,
2,1,2003-02-16,1,1,2003-02-16,1,
3,1,2003-02-17,1,2,2003-02-18,2,
3,1,2003-02-18,0,0,0000-00-00,2,
2,1,2003-02-19,1,1,2003-02-19,1,
2,0,2003-02-20,1,1,2003-02-20,1,
1,1,2003-02-21,1,1,2003-02-21,1,
0,2,2003-02-22,1,1,2003-02-22,1,
1,0,2003-02-23,1,1,2003-02-23,1,
1,1,2003-02-24,1,1,2003-02-24,1,
1,2,2003-02-25,1,1,2003-02-25,1,
0,2,2003-02-26,1,2,2003-02-27,2,
0,2,2003-02-27,0,0,0000-00-00,2,
0,1,2003-02-28,1,1,2003-02-28,1,
1,1,2003-03-01,1,1,2003-03-01,1,
2,1,2003-03-02,1,1,2003-03-02,1,
2,0,2003-03-03,1,1,2003-03-03,1,
0,1,2003-03-04,1,2,2003-03-05,2,
0,1,2003-03-05,0,0,0000-00-00,2,
0,0,2003-03-06,1,2,2003-03-07,2,
0,0,2003-03-07,0,0,0000-00-00,2,
0,2,2003-03-08,1,1,2003-03-08,1,
0,0,2003-03-09,1,2,2003-03-10,2,
0,0,2003-03-10,0,0,0000-00-00,2,
2,2,2003-03-11,1,1,2003-03-11,1,
3,2,2003-03-12,1,2,2003-03-13,2,
3,2,2003-03-13,0,0,0000-00-00,2,
2,2,2003-03-14,1,6,2003-03-19,6,
2,2,2003-03-15,0,0,0000-00-00,6,
2,2,2003-03-16,0,0,0000-00-00,6,
2,2,2003-03-17,0,0,0000-00-00,6,
2,2,2003-03-18,0,0,0000-00-00,6,
2,2,2003-03-19,0,0,0000-00-00,6,
2,1,2003-03-20,1,1,2003-03-20,1,
3,1,2003-03-21,1,2,2003-03-22,2,
3,1,2003-03-22,0,0,0000-00-00,2,
2,1,2003-03-23,1,1,2003-03-23,1,
3,0,2003-03-24,1,1,2003-03-24,1,
3,1,2003-03-25,1,2,2003-03-26,2,
3,1,2003-03-26,0,0,0000-00-00,2,
3,0,2003-03-27,1,1,2003-03-27,1,
2,0,2003-03-28,1,1,2003-03-28,1,
1,0,2003-03-29,1,1,2003-03-29,1,
0,1,2003-03-30,1,1,2003-03-30,1,
1,1,2003-03-31,1,1,2003-03-31,1,
0,0,2003-11-01,1,1,2003-11-01,1,
0,2,2003-11-02,1,2,2003-11-03,2,
0,2,2003-11-03,0,0,0000-00-00,2,
0,0,2003-11-04,1,2,2003-11-05,2,
0,0,2003-11-05,0,0,0000-00-00,2,
1,0,2003-11-06,1,1,2003-11-06,1,
2,0,2003-11-07,1,1,2003-11-07,1,
2,2,2003-11-08,1,1,2003-11-08,1,
1,2,2003-11-09,1,3,2003-11-11,3,
1,2,2003-11-10,0,0,0000-00-00,3,
1,2,2003-11-11,0,0,0000-00-00,3,
1,0,2003-11-12,1,1,2003-11-12,1,
2,0,2003-11-13,1,1,2003-11-13,1,
1,0,2003-11-14,1,1,2003-11-14,1,
0,2,2003-11-15,1,1,2003-11-15,1,
1,1,2003-11-16,1,1,2003-11-16,1,
1,0,2003-11-17,1,3,2003-11-19,3,
1,0,2003-11-18,0,0,0000-00-00,3,
1,0,2003-11-19,0,0,0000-00-00,3,
0,0,2003-11-20,1,1,2003-11-20,1,
1,1,2003-11-21,1,1,2003-11-21,1,
3,2,2003-11-22,1,1,2003-11-22,1,
3,1,2003-11-23,1,1,2003-11-23,1,
3,0,2003-11-24,1,1,2003-11-24,1,
2,0,2003-11-25,1,1,2003-11-25,1,
1,1,2003-11-26,1,2,2003-11-27,2,
1,1,2003-11-27,0,0,0000-00-00,2,
2,0,2003-11-28,1,1,2003-11-28,1,
1,0,2003-11-29,1,2,2003-11-30,2,
1,0,2003-11-30,0,0,0000-00-00,2,
3,2,2003-12-01,1,1,2003-12-01,1,
3,1,2003-12-02,1,1,2003-12-02,1,
3,2,2003-12-03,1,1,2003-12-03,1,
2,2,2003-12-04,1,3,2003-12-06,3,
2,2,2003-12-05,0,0,0000-00-00,3,
2,2,2003-12-06,0,0,0000-00-00,3,
2,1,2003-12-07,1,1,2003-12-07,1,
2,0,2003-12-08,1,1,2003-12-08,1,
1,0,2003-12-09,1,1,2003-12-09,1,
0,0,2003-12-10,1,1,2003-12-10,1,
1,2,2003-12-11,1,1,2003-12-11,1,
1,1,2003-12-12,1,1,2003-12-12,1,
2,1,2003-12-13,1,1,2003-12-13,1,
2,2,2003-12-14,1,2,2003-12-15,2,
2,2,2003-12-15,0,0,0000-00-00,2,
2,0,2003-12-16,1,2,2003-12-17,2,
2,0,2003-12-17,0,0,0000-00-00,2,
1,0,2003-12-18,1,1,2003-12-18,1,
0,1,2003-12-19,1,1,2003-12-19,1,
1,2,2003-12-20,1,1,2003-12-20,1,
3,2,2003-12-21,1,2,2003-12-22,2,
3,2,2003-12-22,0,0,0000-00-00,2,
3,1,2003-12-23,1,1,2003-12-23,1,
3,0,2003-12-24,1,1,2003-12-24,1,
2,0,2003-12-25,1,1,2003-12-25,1,
1,0,2003-12-26,1,1,2003-12-26,1,
1,1,2003-12-27,1,1,2003-12-27,1,
1,0,2003-12-28,1,1,2003-12-28,1,
1,1,2003-12-29,1,1,2003-12-29,1,
3,2,2003-12-30,1,1,2003-12-30,1,
2,0,2003-12-31,1,1,2003-12-31,1,
1,2,2004-01-01,1,1,2004-01-01,1,
2,2,2004-01-02,1,2,2004-01-03,2,
2,2,2004-01-03,0,0,0000-00-00,2,
2,1,2004-01-04,1,1,2004-01-04,1,
2,0,2004-01-05,1,1,2004-01-05,1,
0,2,2004-01-06,1,1,2004-01-06,1,
0,0,2004-01-07,1,2,2004-01-08,2,
0,0,2004-01-08,0,0,0000-00-00,2,
1,0,2004-01-09,1,3,2004-01-11,3,
1,0,2004-01-10,0,0,0000-00-00,3,
1,0,2004-01-11,0,0,0000-00-00,3,
0,0,2004-01-12,1,2,2004-01-13,2,
0,0,2004-01-13,0,0,0000-00-00,2,
0,1,2004-01-14,1,1,2004-01-14,1,
0,2,2004-01-15,1,5,2004-01-19,5,
0,2,2004-01-16,0,0,0000-00-00,5,
0,2,2004-01-17,0,0,0000-00-00,5,
0,2,2004-01-18,0,0,0000-00-00,5,
0,2,2004-01-19,0,0,0000-00-00,5,
1,1,2004-01-20,1,1,2004-01-20,1,
2,2,2004-01-21,1,1,2004-01-21,1,
2,1,2004-01-22,1,1,2004-01-22,1,
2,0,2004-01-23,1,1,2004-01-23,1,
1,0,2004-01-24,1,1,2004-01-24,1,
0,2,2004-01-25,1,1,2004-01-25,1,
1,2,2004-01-26,1,1,2004-01-26,1,
0,2,2004-01-27,1,5,2004-01-31,5,
0,2,2004-01-28,0,0,0000-00-00,5,
0,2,2004-01-29,0,0,0000-00-00,5,
0,2,2004-01-30,0,0,0000-00-00,5,
0,2,2004-01-31,0,0,0000-00-00,5,
0,1,2004-02-01,1,1,2004-02-01,1,
0,0,2004-02-02,1,2,2004-02-03,2,
0,0,2004-02-03,0,0,0000-00-00,2,
1,0,2004-02-04,1,2,2004-02-05,2,
1,0,2004-02-05,0,0,0000-00-00,2,
1,2,2004-02-06,1,2,2004-02-07,2,
1,2,2004-02-07,0,0,0000-00-00,2,
2,2,2004-02-08,1,1,2004-02-08,1,
1,1,2004-02-09,1,2,2004-02-10,2,
1,1,2004-02-10,0,0,0000-00-00,2,
3,2,2004-02-11,1,1,2004-02-11,1,
2,2,2004-02-12,1,1,2004-02-12,1,
3,2,2004-02-13,1,1,2004-02-13,1,
2,1,2004-02-14,1,1,2004-02-14,1,
3,2,2004-02-15,1,3,2004-02-17,3,
3,2,2004-02-16,0,0,0000-00-00,3,
3,2,2004-02-17,0,0,0000-00-00,3,
2,1,2004-02-18,1,2,2004-02-19,2,
2,1,2004-02-19,0,0,0000-00-00,2,
3,2,2004-02-20,1,1,2004-02-20,1,
2,2,2004-02-21,1,1,2004-02-21,1,
3,2,2004-02-22,1,1,2004-02-22,1,
2,1,2004-02-23,1,1,2004-02-23,1,
1,2,2004-02-24,1,1,2004-02-24,1,
2,2,2004-02-25,1,2,2004-02-26,2,
2,2,2004-02-26,0,0,0000-00-00,2,
3,2,2004-02-27,1,1,2004-02-27,1,
2,2,2004-02-28,1,1,2004-02-28,1,
1,2,2004-03-01,1,1,2004-03-01,1,
2,0,2004-03-02,1,3,2004-03-04,3,
2,0,2004-03-03,0,0,0000-00-00,3,
2,0,2004-03-04,0,0,0000-00-00,3,
1,2,2004-03-05,1,1,2004-03-05,1,
2,2,2004-03-06,1,1,2004-03-06,1,
3,1,2004-03-07,1,1,2004-03-07,1,
2,2,2004-03-08,1,2,2004-03-09,2,
2,2,2004-03-09,0,0,0000-00-00,2,
3,2,2004-03-10,1,1,2004-03-10,1,
2,0,2004-03-11,1,1,2004-03-11,1,
1,0,2004-03-12,1,1,2004-03-12,1,
0,1,2004-03-13,1,3,2004-03-15,3,
0,1,2004-03-14,0,0,0000-00-00,3,
0,1,2004-03-15,0,0,0000-00-00,3,
0,0,2004-03-16,1,1,2004-03-16,1,
1,0,2004-03-17,1,4,2004-03-20,4,
1,0,2004-03-18,0,0,0000-00-00,4,
1,0,2004-03-19,0,0,0000-00-00,4,
1,0,2004-03-20,0,0,0000-00-00,4,
2,0,2004-03-21,1,1,2004-03-21,1,
2,2,2004-03-22,1,1,2004-03-22,1,
3,2,2004-03-23,1,3,2004-03-25,3,
3,2,2004-03-24,0,0,0000-00-00,3,
3,2,2004-03-25,0,0,0000-00-00,3,
3,1,2004-03-26,1,1,2004-03-26,1,
3,0,2004-03-27,1,1,2004-03-27,1,
1,1,2004-03-28,1,1,2004-03-28,1,
1,0,2004-03-29,1,1,2004-03-29,1,
0,0,2004-03-30,1,2,2004-03-31,2,
0,0,2004-03-31,0,0,0000-00-00,2,
1,0,2004-11-01,1,2,2004-11-02,2,
1,0,2004-11-02,0,0,0000-00-00,2,
1,2,2004-11-03,1,2,2004-11-04,2,
1,2,2004-11-04,0,0,0000-00-00,2,
2,2,2004-11-05,1,1,2004-11-05,1,
3,2,2004-11-06,1,3,2004-11-08,3,
3,2,2004-11-07,0,0,0000-00-00,3,
3,2,2004-11-08,0,0,0000-00-00,3,
2,1,2004-11-09,1,1,2004-11-09,1,
3,1,2004-11-10,1,1,2004-11-10,1,
3,0,2004-11-11,1,1,2004-11-11,1,
2,2,2004-11-12,1,1,2004-11-12,1,
3,1,2004-11-13,1,1,2004-11-13,1,
2,1,2004-11-14,1,1,2004-11-14,1,
1,1,2004-11-15,1,1,2004-11-15,1,
2,0,2004-11-16,1,1,2004-11-16,1,
1,0,2004-11-17,1,1,2004-11-17,1,
0,2,2004-11-18,1,4,2004-11-21,4,
0,2,2004-11-19,0,0,0000-00-00,4,
0,2,2004-11-20,0,0,0000-00-00,4,
0,2,2004-11-21,0,0,0000-00-00,4,
0,1,2004-11-22,1,2,2004-11-23,2,
0,1,2004-11-23,0,0,0000-00-00,2,
1,0,2004-11-24,1,2,2004-11-25,2,
1,0,2004-11-25,0,0,0000-00-00,2,
0,1,2004-11-26,1,1,2004-11-26,1,
2,2,2004-11-27,1,1,2004-11-27,1,
3,1,2004-11-28,1,1,2004-11-28,1,
3,0,2004-11-29,1,1,2004-11-29,1,
2,0,2004-11-30,1,1,2004-11-30,1,
2,1,2004-12-01,1,1,2004-12-01,1,
3,0,2004-12-02,1,1,2004-12-02,1,
2,2,2004-12-03,1,1,2004-12-03,1,
3,2,2004-12-04,1,1,2004-12-04,1,
1,1,2004-12-05,1,1,2004-12-05,1,
2,0,2004-12-06,1,1,2004-12-06,1,
1,1,2004-12-07,1,1,2004-12-07,1,
3,0,2004-12-08,1,1,2004-12-08,1,
2,0,2004-12-09,1,1,2004-12-09,1,
1,0,2004-12-10,1,1,2004-12-10,1,
1,2,2004-12-11,1,1,2004-12-11,1,
2,0,2004-12-12,1,3,2004-12-14,3,
2,0,2004-12-13,0,0,0000-00-00,3,
2,0,2004-12-14,0,0,0000-00-00,3,
1,0,2004-12-15,1,1,2004-12-15,1,
3,0,2004-12-16,1,2,2004-12-17,2,
3,0,2004-12-17,0,0,0000-00-00,2,
2,1,2004-12-18,1,1,2004-12-18,1,
3,1,2004-12-19,1,2,2004-12-20,2,
3,1,2004-12-20,0,0,0000-00-00,2,
3,0,2004-12-21,1,1,2004-12-21,1,
1,0,2004-12-22,1,1,2004-12-22,1,
2,0,2004-12-23,1,2,2004-12-24,2,
2,0,2004-12-24,0,0,0000-00-00,2,
2,2,2004-12-25,1,1,2004-12-25,1,
3,1,2004-12-26,1,1,2004-12-26,1,
3,0,2004-12-27,1,1,2004-12-27,1,
2,1,2004-12-28,1,1,2004-12-28,1,
3,0,2004-12-29,1,1,2004-12-29,1,
3,1,2004-12-30,1,1,2004-12-30,1,
3,0,2004-12-31,1,2,2005-01-01,2,
3,0,2005-01-01,0,0,0000-00-00,2,
1,1,2005-01-02,1,1,2005-01-02,1,
2,0,2005-01-03,1,1,2005-01-03,1,
3,0,2005-01-04,1,2,2005-01-05,2,
3,0,2005-01-05,0,0,0000-00-00,2,
1,1,2005-01-06,1,1,2005-01-06,1,
1,0,2005-01-07,1,3,2005-01-09,3,
1,0,2005-01-08,0,0,0000-00-00,3,
1,0,2005-01-09,0,0,0000-00-00,3,
0,0,2005-01-10,1,1,2005-01-10,1,
1,0,2005-01-11,1,1,2005-01-11,1,
0,2,2005-01-12,1,2,2005-01-13,2,
0,2,2005-01-13,0,0,0000-00-00,2,
0,0,2005-01-14,1,1,2005-01-14,1,
1,1,2005-01-15,1,1,2005-01-15,1,
3,0,2005-01-16,1,2,2005-01-17,2,
3,0,2005-01-17,0,0,0000-00-00,2,
2,0,2005-01-18,1,1,2005-01-18,1,
3,0,2005-01-19,1,1,2005-01-19,1,
2,1,2005-01-20,1,1,2005-01-20,1,
2,2,2005-01-21,1,1,2005-01-21,1,
1,2,2005-01-22,1,1,2005-01-22,1,
2,2,2005-01-23,1,1,2005-01-23,1,
3,2,2005-01-24,1,1,2005-01-24,1,
2,2,2005-01-25,1,1,2005-01-25,1,
3,2,2005-01-26,1,5,2005-01-30,5,
3,2,2005-01-27,0,0,0000-00-00,5,
3,2,2005-01-28,0,0,0000-00-00,5,
3,2,2005-01-29,0,0,0000-00-00,5,
3,2,2005-01-30,0,0,0000-00-00,5,
2,2,2005-01-31,1,1,2005-01-31,1,
3,2,2005-02-01,1,1,2005-02-01,1,
3,1,2005-02-02,1,1,2005-02-02,1,
3,0,2005-02-03,1,1,2005-02-03,1,
2,0,2005-02-04,1,1,2005-02-04,1,
3,2,2005-02-05,1,1,2005-02-05,1,
3,1,2005-02-06,1,1,2005-02-06,1,
3,0,2005-02-07,1,3,2005-02-09,3,
3,0,2005-02-08,0,0,0000-00-00,3,
3,0,2005-02-09,0,0,0000-00-00,3,
2,1,2005-02-10,1,1,2005-02-10,1,
1,1,2005-02-11,1,1,2005-02-11,1,
1,2,2005-02-12,1,2,2005-02-13,2,
1,2,2005-02-13,0,0,0000-00-00,2,
3,2,2005-02-14,1,1,2005-02-14,1,
3,1,2005-02-15,1,3,2005-02-17,3,
3,1,2005-02-16,0,0,0000-00-00,3,
3,1,2005-02-17,0,0,0000-00-00,3,
2,2,2005-02-18,1,4,2005-02-21,4,
2,2,2005-02-19,0,0,0000-00-00,4,
2,2,2005-02-20,0,0,0000-00-00,4,
2,2,2005-02-21,0,0,0000-00-00,4,
1,2,2005-02-22,1,1,2005-02-22,1,
0,2,2005-02-23,1,4,2005-02-26,4,
0,2,2005-02-24,0,0,0000-00-00,4,
0,2,2005-02-25,0,0,0000-00-00,4,
0,2,2005-02-26,0,0,0000-00-00,4,
1,2,2005-02-27,1,1,2005-02-27,1,
0,2,2005-02-28,1,1,2005-02-28,1,
1,2,2005-03-01,1,1,2005-03-01,1,
3,2,2005-03-02,1,2,2005-03-03,2,
3,2,2005-03-03,0,0,0000-00-00,2,
2,2,2005-03-04,1,5,2005-03-08,5,
2,2,2005-03-05,0,0,0000-00-00,5,
2,2,2005-03-06,0,0,0000-00-00,5,
2,2,2005-03-07,0,0,0000-00-00,5,
2,2,2005-03-08,0,0,0000-00-00,5,
3,2,2005-03-09,1,1,2005-03-09,1,
2,2,2005-03-10,1,1,2005-03-10,1,
0,2,2005-03-11,1,6,2005-03-16,6,
0,2,2005-03-12,0,0,0000-00-00,6,
0,2,2005-03-13,0,0,0000-00-00,6,
0,2,2005-03-14,0,0,0000-00-00,6,
0,2,2005-03-15,0,0,0000-00-00,6,
0,2,2005-03-16,0,0,0000-00-00,6,
0,0,2005-03-17,1,1,2005-03-17,1,
0,2,2005-03-18,1,3,2005-03-20,3,
0,2,2005-03-19,0,0,0000-00-00,3,
0,2,2005-03-20,0,0,0000-00-00,3,
0,1,2005-03-21,1,2,2005-03-22,2,
0,1,2005-03-22,0,0,0000-00-00,2,
0,0,2005-03-23,1,1,2005-03-23,1,
1,0,2005-03-24,1,2,2005-03-25,2,
1,0,2005-03-25,0,0,0000-00-00,2,
1,1,2005-03-26,1,1,2005-03-26,1,
1,2,2005-03-27,1,1,2005-03-27,1,
2,2,2005-03-28,1,1,2005-03-28,1,
3,2,2005-03-29,1,1,2005-03-29,1,
2,2,2005-03-30,1,1,2005-03-30,1,
2,0,2005-03-31,1,1,2005-03-31,1,
1,1,2005-11-01,1,1,2005-11-01,1,
2,0,2005-11-02,1,1,2005-11-02,1,
1,2,2005-11-03,1,2,2005-11-04,2,
1,2,2005-11-04,0,0,0000-00-00,2,
2,0,2005-11-05,1,2,2005-11-06,2,
2,0,2005-11-06,0,0,0000-00-00,2,
1,0,2005-11-07,1,3,2005-11-09,3,
1,0,2005-11-08,0,0,0000-00-00,3,
1,0,2005-11-09,0,0,0000-00-00,3,
2,0,2005-11-10,1,2,2005-11-11,2,
2,0,2005-11-11,0,0,0000-00-00,2,
2,2,2005-11-12,1,1,2005-11-12,1,
3,1,2005-11-13,1,1,2005-11-13,1,
2,0,2005-11-14,1,1,2005-11-14,1,
0,2,2005-11-15,1,1,2005-11-15,1,
1,1,2005-11-16,1,2,2005-11-17,2,
1,1,2005-11-17,0,0,0000-00-00,2,
1,2,2005-11-18,1,1,2005-11-18,1,
3,2,2005-11-19,1,1,2005-11-19,1,
3,1,2005-11-20,1,1,2005-11-20,1,
3,2,2005-11-21,1,3,2005-11-23,3,
3,2,2005-11-22,0,0,0000-00-00,3,
3,2,2005-11-23,0,0,0000-00-00,3,
1,2,2005-11-24,1,1,2005-11-24,1,
2,2,2005-11-25,1,2,2005-11-26,2,
2,2,2005-11-26,0,0,0000-00-00,2,
2,1,2005-11-27,1,2,2005-11-28,2,
2,1,2005-11-28,0,0,0000-00-00,2,
3,0,2005-11-29,1,1,2005-11-29,1,
1,0,2005-11-30,1,1,2005-11-30,1,
0,0,2005-12-01,1,1,2005-12-01,1,
1,0,2005-12-02,1,2,2005-12-03,2,
1,0,2005-12-03,0,0,0000-00-00,2,
0,1,2005-12-04,1,1,2005-12-04,1,
1,2,2005-12-05,1,3,2005-12-07,3,
1,2,2005-12-06,0,0,0000-00-00,3,
1,2,2005-12-07,0,0,0000-00-00,3,
1,1,2005-12-08,1,1,2005-12-08,1,
3,1,2005-12-09,1,2,2005-12-10,2,
3,1,2005-12-10,0,0,0000-00-00,2,
3,2,2005-12-11,1,4,2005-12-14,4,
3,2,2005-12-12,0,0,0000-00-00,4,
3,2,2005-12-13,0,0,0000-00-00,4,
3,2,2005-12-14,0,0,0000-00-00,4,
2,1,2005-12-15,1,1,2005-12-15,1,
1,1,2005-12-16,1,1,2005-12-16,1,
2,1,2005-12-17,1,1,2005-12-17,1,
3,0,2005-12-18,1,1,2005-12-18,1,
1,1,2005-12-19,1,1,2005-12-19,1,
3,0,2005-12-20,1,1,2005-12-20,1,
2,2,2005-12-21,1,1,2005-12-21,1,
1,1,2005-12-22,1,1,2005-12-22,1,
2,2,2005-12-23,1,1,2005-12-23,1,
3,2,2005-12-24,1,2,2005-12-25,2,
3,2,2005-12-25,0,0,0000-00-00,2,
3,1,2005-12-26,1,2,2005-12-27,2,
3,1,2005-12-27,0,0,0000-00-00,2,
1,1,2005-12-28,1,2,2005-12-29,2,
1,1,2005-12-29,0,0,0000-00-00,2,
2,1,2005-12-30,1,2,2005-12-31,2,
2,1,2005-12-31,0,0,0000-00-00,2,
1,1,2006-01-01,1,1,2006-01-01,1,
3,0,2006-01-02,1,1,2006-01-02,1,
3,1,2006-01-03,1,1,2006-01-03,1,
3,0,2006-01-04,1,1,2006-01-04,1,
3,1,2006-01-05,1,2,2006-01-06,2,
3,1,2006-01-06,0,0,0000-00-00,2,
2,0,2006-01-07,1,1,2006-01-07,1,
3,2,2006-01-08,1,1,2006-01-08,1,
3,0,2006-01-09,1,1,2006-01-09,1,
3,1,2006-01-10,1,1,2006-01-10,1,
3,0,2006-01-11,1,3,2006-01-13,3,
3,0,2006-01-12,0,0,0000-00-00,3,
3,0,2006-01-13,0,0,0000-00-00,3,
2,0,2006-01-14,1,1,2006-01-14,1,
3,0,2006-01-15,1,1,2006-01-15,1,
2,0,2006-01-16,1,1,2006-01-16,1,
0,1,2006-01-17,1,1,2006-01-17,1,
0,0,2006-01-18,1,1,2006-01-18,1,
1,0,2006-01-19,1,1,2006-01-19,1,
2,2,2006-01-20,1,1,2006-01-20,1,
3,1,2006-01-21,1,2,2006-01-22,2,
3,1,2006-01-22,0,0,0000-00-00,2,
1,2,2006-01-23,1,1,2006-01-23,1,
2,2,2006-01-24,1,1,2006-01-24,1,
3,2,2006-01-25,1,2,2006-01-26,2,
3,2,2006-01-26,0,0,0000-00-00,2,
1,2,2006-01-27,1,2,2006-01-28,2,
1,2,2006-01-28,0,0,0000-00-00,2,
1,1,2006-01-29,1,1,2006-01-29,1,
3,1,2006-01-30,1,1,2006-01-30,1,
2,1,2006-01-31,1,1,2006-01-31,1,
2,0,2006-02-01,1,2,2006-02-02,2,
2,0,2006-02-02,0,0,0000-00-00,2,
2,1,2006-02-03,1,1,2006-02-03,1,
0,1,2006-02-04,1,1,2006-02-04,1,
2,0,2006-02-05,1,2,2006-02-06,2,
2,0,2006-02-06,0,0,0000-00-00,2,
1,1,2006-02-07,1,1,2006-02-07,1,
2,2,2006-02-08,1,1,2006-02-08,1,
3,2,2006-02-09,1,1,2006-02-09,1,
3,1,2006-02-10,1,1,2006-02-10,1,
1,1,2006-02-11,1,1,2006-02-11,1,
0,1,2006-02-12,1,1,2006-02-12,1,
0,0,2006-02-13,1,1,2006-02-13,1,
0,1,2006-02-14,1,1,2006-02-14,1,
0,0,2006-02-15,1,4,2006-02-18,4,
0,0,2006-02-16,0,0,0000-00-00,4,
0,0,2006-02-17,0,0,0000-00-00,4,
0,0,2006-02-18,0,0,0000-00-00,4,
2,2,2006-02-19,1,2,2006-02-20,2,
2,2,2006-02-20,0,0,0000-00-00,2,
3,2,2006-02-21,1,1,2006-02-21,1,
2,2,2006-02-22,1,1,2006-02-22,1,
0,2,2006-02-23,1,2,2006-02-24,2,
0,2,2006-02-24,0,0,0000-00-00,2,
1,2,2006-02-25,1,1,2006-02-25,1,
0,2,2006-02-26,1,6,2006-03-03,6,
0,2,2006-02-27,0,0,0000-00-00,6,
0,2,2006-02-28,0,0,0000-00-00,6,
0,2,2006-03-01,0,0,0000-00-00,6,
0,2,2006-03-02,0,0,0000-00-00,6,
0,2,2006-03-03,0,0,0000-00-00,6,
1,2,2006-03-04,1,2,2006-03-05,2,
1,2,2006-03-05,0,0,0000-00-00,2,
1,0,2006-03-06,1,1,2006-03-06,1,
2,0,2006-03-07,1,1,2006-03-07,1,
3,0,2006-03-08,1,2,2006-03-09,2,
3,0,2006-03-09,0,0,0000-00-00,2,
2,0,2006-03-10,1,1,2006-03-10,1,
0,1,2006-03-11,1,1,2006-03-11,1,
0,2,2006-03-12,1,3,2006-03-14,3,
0,2,2006-03-13,0,0,0000-00-00,3,
0,2,2006-03-14,0,0,0000-00-00,3,
1,2,2006-03-15,1,1,2006-03-15,1,
2,2,2006-03-16,1,1,2006-03-16,1,
1,2,2006-03-17,1,3,2006-03-19,3,
1,2,2006-03-18,0,0,0000-00-00,3,
1,2,2006-03-19,0,0,0000-00-00,3,
0,2,2006-03-20,1,4,2006-03-23,4,
0,2,2006-03-21,0,0,0000-00-00,4,
0,2,2006-03-22,0,0,0000-00-00,4,
0,2,2006-03-23,0,0,0000-00-00,4,
0,1,2006-03-24,1,1,2006-03-24,1,
0,2,2006-03-25,1,6,2006-03-30,6,
0,2,2006-03-26,0,0,0000-00-00,6,
0,2,2006-03-27,0,0,0000-00-00,6,
0,2,2006-03-28,0,0,0000-00-00,6,
0,2,2006-03-29,0,0,0000-00-00,6,
0,2,2006-03-30,0,0,0000-00-00,6,
0,1,2006-03-31,1,1,2006-03-31,1,
1,2,2006-11-01,1,1,2006-11-01,1,
3,2,2006-11-02,1,3,2006-11-04,3,
3,2,2006-11-03,0,0,0000-00-00,3,
3,2,2006-11-04,0,0,0000-00-00,3,
3,0,2006-11-05,1,1,2006-11-05,1,
2,0,2006-11-06,1,2,2006-11-07,2,
2,0,2006-11-07,0,0,0000-00-00,2,
3,2,2006-11-08,1,1,2006-11-08,1,
3,1,2006-11-09,1,1,2006-11-09,1,
2,0,2006-11-10,1,1,2006-11-10,1,
1,1,2006-11-11,1,1,2006-11-11,1,
2,0,2006-11-12,1,1,2006-11-12,1,
1,0,2006-11-13,1,1,2006-11-13,1,
0,0,2006-11-14,1,2,2006-11-15,2,
0,0,2006-11-15,0,0,0000-00-00,2,
0,1,2006-11-16,1,1,2006-11-16,1,
1,1,2006-11-17,1,2,2006-11-18,2,
1,1,2006-11-18,0,0,0000-00-00,2,
1,0,2006-11-19,1,2,2006-11-20,2,
1,0,2006-11-20,0,0,0000-00-00,2,
0,2,2006-11-21,1,1,2006-11-21,1,
0,1,2006-11-22,1,1,2006-11-22,1,
0,0,2006-11-23,1,15,2006-12-07,15,
0,0,2006-11-24,0,0,0000-00-00,15,
0,0,2006-11-25,0,0,0000-00-00,15,
0,0,2006-11-26,0,0,0000-00-00,15,
0,0,2006-11-27,0,0,0000-00-00,15,
0,0,2006-11-28,0,0,0000-00-00,15,
0,0,2006-11-29,0,0,0000-00-00,15,
0,0,2006-11-30,0,0,0000-00-00,15,
0,0,2006-12-01,0,0,0000-00-00,15,
0,0,2006-12-02,0,0,0000-00-00,15,
0,0,2006-12-03,0,0,0000-00-00,15,
0,0,2006-12-04,0,0,0000-00-00,15,
0,0,2006-12-05,0,0,0000-00-00,15,
0,0,2006-12-06,0,0,0000-00-00,15,
0,0,2006-12-07,0,0,0000-00-00,15,
1,1,2006-12-08,1,1,2006-12-08,1,
2,2,2006-12-09,1,1,2006-12-09,1,
3,0,2006-12-10,1,1,2006-12-10,1,
2,0,2006-12-11,1,1,2006-12-11,1,
1,0,2006-12-12,1,3,2006-12-14,3,
1,0,2006-12-13,0,0,0000-00-00,3,
1,0,2006-12-14,0,0,0000-00-00,3,
2,1,2006-12-15,1,1,2006-12-15,1,
2,2,2006-12-16,1,1,2006-12-16,1,
1,2,2006-12-17,1,1,2006-12-17,1,
3,2,2006-12-18,1,3,2006-12-20,3,
3,2,2006-12-19,0,0,0000-00-00,3,
3,2,2006-12-20,0,0,0000-00-00,3,
3,1,2006-12-21,1,1,2006-12-21,1,
1,1,2006-12-22,1,1,2006-12-22,1,
1,2,2006-12-23,1,1,2006-12-23,1,
1,1,2006-12-24,1,1,2006-12-24,1,
2,1,2006-12-25,1,1,2006-12-25,1,
1,2,2006-12-26,1,1,2006-12-26,1,
2,2,2006-12-27,1,1,2006-12-27,1,
1,1,2006-12-28,1,1,2006-12-28,1,
2,0,2006-12-29,1,1,2006-12-29,1,
3,0,2006-12-30,1,2,2006-12-31,2,
3,0,2006-12-31,0,0,0000-00-00,2,
2,0,2007-01-01,1,1,2007-01-01,1,
1,1,2007-01-02,1,3,2007-01-04,3,
1,1,2007-01-03,0,0,0000-00-00,3,
1,1,2007-01-04,0,0,0000-00-00,3,
3,0,2007-01-05,1,1,2007-01-05,1,
2,0,2007-01-06,1,1,2007-01-06,1,
1,0,2007-01-07,1,1,2007-01-07,1,
0,1,2007-01-08,1,1,2007-01-08,1,
2,0,2007-01-09,1,1,2007-01-09,1,
0,1,2007-01-10,1,1,2007-01-10,1,
1,1,2007-01-11,1,1,2007-01-11,1,
2,0,2007-01-12,1,1,2007-01-12,1,
1,0,2007-01-13,1,2,2007-01-14,2,
1,0,2007-01-14,0,0,0000-00-00,2,
0,0,2007-01-15,1,1,2007-01-15,1,
0,1,2007-01-16,1,1,2007-01-16,1,
0,0,2007-01-17,1,4,2007-01-20,4,
0,0,2007-01-18,0,0,0000-00-00,4,
0,0,2007-01-19,0,0,0000-00-00,4,
0,0,2007-01-20,0,0,0000-00-00,4,
1,2,2007-01-21,1,2,2007-01-22,2,
1,2,2007-01-22,0,0,0000-00-00,2,
2,2,2007-01-23,1,1,2007-01-23,1,
3,2,2007-01-24,1,1,2007-01-24,1,
2,2,2007-01-25,1,2,2007-01-26,2,
2,2,2007-01-26,0,0,0000-00-00,2,
3,2,2007-01-27,1,1,2007-01-27,1,
2,2,2007-01-28,1,1,2007-01-28,1,
3,2,2007-01-29,1,3,2007-01-31,3,
3,2,2007-01-30,0,0,0000-00-00,3,
3,2,2007-01-31,0,0,0000-00-00,3,
3,1,2007-02-01,1,1,2007-02-01,1,
3,2,2007-02-02,1,1,2007-02-02,1,
3,0,2007-02-03,1,1,2007-02-03,1,
1,2,2007-02-04,1,2,2007-02-05,2,
1,2,2007-02-05,0,0,0000-00-00,2,
0,2,2007-02-06,1,1,2007-02-06,1,
1,2,2007-02-07,1,2,2007-02-08,2,
1,2,2007-02-08,0,0,0000-00-00,2,
0,2,2007-02-09,1,2,2007-02-10,2,
0,2,2007-02-10,0,0,0000-00-00,2,
0,1,2007-02-11,1,3,2007-02-13,3,
0,1,2007-02-12,0,0,0000-00-00,3,
0,1,2007-02-13,0,0,0000-00-00,3,
0,0,2007-02-14,1,2,2007-02-15,2,
0,0,2007-02-15,0,0,0000-00-00,2,
1,0,2007-02-16,1,1,2007-02-16,1,
0,2,2007-02-17,1,1,2007-02-17,1,
0,1,2007-02-18,1,2,2007-02-19,2,
0,1,2007-02-19,0,0,0000-00-00,2,
0,2,2007-02-20,1,7,2007-02-26,7,
0,2,2007-02-21,0,0,0000-00-00,7,
0,2,2007-02-22,0,0,0000-00-00,7,
0,2,2007-02-23,0,0,0000-00-00,7,
0,2,2007-02-24,0,0,0000-00-00,7,
0,2,2007-02-25,0,0,0000-00-00,7,
0,2,2007-02-26,0,0,0000-00-00,7,
0,1,2007-02-27,1,3,2007-03-01,3,
0,1,2007-02-28,0,0,0000-00-00,3,
0,1,2007-03-01,0,0,0000-00-00,3,
1,0,2007-03-02,1,1,2007-03-02,1,
0,0,2007-03-03,1,4,2007-03-06,4,
0,0,2007-03-04,0,0,0000-00-00,4,
0,0,2007-03-05,0,0,0000-00-00,4,
0,0,2007-03-06,0,0,0000-00-00,4,
0,1,2007-03-07,1,1,2007-03-07,1,
1,0,2007-03-08,1,1,2007-03-08,1,
0,1,2007-03-09,1,1,2007-03-09,1,
2,0,2007-03-10,1,1,2007-03-10,1,
3,0,2007-03-11,1,2,2007-03-12,2,
3,0,2007-03-12,0,0,0000-00-00,2,
3,1,2007-03-13,1,3,2007-03-15,3,
3,1,2007-03-14,0,0,0000-00-00,3,
3,1,2007-03-15,0,0,0000-00-00,3,
3,0,2007-03-16,1,2,2007-03-17,2,
3,0,2007-03-17,0,0,0000-00-00,2,
1,1,2007-03-18,1,1,2007-03-18,1,
2,2,2007-03-19,1,1,2007-03-19,1,
3,2,2007-03-20,1,1,2007-03-20,1,
3,1,2007-03-21,1,5,2007-03-25,5,
3,1,2007-03-22,0,0,0000-00-00,5,
3,1,2007-03-23,0,0,0000-00-00,5,
3,1,2007-03-24,0,0,0000-00-00,5,
3,1,2007-03-25,0,0,0000-00-00,5,
3,0,2007-03-26,1,1,2007-03-26,1,
2,1,2007-03-27,1,1,2007-03-27,1,
1,2,2007-03-28,1,2,2007-03-29,2,
1,2,2007-03-29,0,0,0000-00-00,2,
2,2,2007-03-30,1,1,2007-03-30,1,
3,2,2007-03-31,1,1,2007-03-31,1,
0,1,2007-11-01,1,1,2007-11-01,1,
1,1,2007-11-02,1,1,2007-11-02,1,
3,2,2007-11-03,1,1,2007-11-03,1,
3,0,2007-11-04,1,1,2007-11-04,1,
2,2,2007-11-05,1,1,2007-11-05,1,
3,1,2007-11-06,1,1,2007-11-06,1,
1,1,2007-11-07,1,1,2007-11-07,1,
1,2,2007-11-08,1,1,2007-11-08,1,
3,2,2007-11-09,1,1,2007-11-09,1,
2,2,2007-11-10,1,1,2007-11-10,1,
2,0,2007-11-11,1,1,2007-11-11,1,
1,1,2007-11-12,1,1,2007-11-12,1,
2,2,2007-11-13,1,2,2007-11-14,2,
2,2,2007-11-14,0,0,0000-00-00,2,
2,0,2007-11-15,1,1,2007-11-15,1,
3,0,2007-11-16,1,1,2007-11-16,1,
2,0,2007-11-17,1,1,2007-11-17,1,
2,2,2007-11-18,1,1,2007-11-18,1,
3,2,2007-11-19,1,1,2007-11-19,1,
3,1,2007-11-20,1,1,2007-11-20,1,
1,1,2007-11-21,1,1,2007-11-21,1,
2,2,2007-11-22,1,1,2007-11-22,1,
3,0,2007-11-23,1,1,2007-11-23,1,
1,1,2007-11-24,1,1,2007-11-24,1,
1,2,2007-11-25,1,1,2007-11-25,1,
3,1,2007-11-26,1,2,2007-11-27,2,
3,1,2007-11-27,0,0,0000-00-00,2,
2,1,2007-11-28,1,1,2007-11-28,1,
1,1,2007-11-29,1,1,2007-11-29,1,
0,0,2007-11-30,1,2,2007-12-01,2,
0,0,2007-12-01,0,0,0000-00-00,2,
0,1,2007-12-02,1,1,2007-12-02,1,
0,2,2007-12-03,1,1,2007-12-03,1,
0,0,2007-12-04,1,1,2007-12-04,1,
1,0,2007-12-05,1,1,2007-12-05,1,
2,0,2007-12-06,1,3,2007-12-08,3,
2,0,2007-12-07,0,0,0000-00-00,3,
2,0,2007-12-08,0,0,0000-00-00,3,
1,1,2007-12-09,1,1,2007-12-09,1,
2,2,2007-12-10,1,1,2007-12-10,1,
3,1,2007-12-11,1,1,2007-12-11,1,
2,2,2007-12-12,1,1,2007-12-12,1,
3,1,2007-12-13,1,2,2007-12-14,2,
3,1,2007-12-14,0,0,0000-00-00,2,
3,2,2007-12-15,1,1,2007-12-15,1,
2,2,2007-12-16,1,1,2007-12-16,1,
3,1,2007-12-17,1,1,2007-12-17,1,
2,2,2007-12-18,1,1,2007-12-18,1,
3,2,2007-12-19,1,2,2007-12-20,2,
3,2,2007-12-20,0,0,0000-00-00,2,
3,0,2007-12-21,1,2,2007-12-22,2,
3,0,2007-12-22,0,0,0000-00-00,2,
2,0,2007-12-23,1,1,2007-12-23,1,
3,0,2007-12-24,1,1,2007-12-24,1,
2,0,2007-12-25,1,1,2007-12-25,1,
0,0,2007-12-26,1,1,2007-12-26,1,
1,0,2007-12-27,1,1,2007-12-27,1,
1,1,2007-12-28,1,2,2007-12-29,2,
1,1,2007-12-29,0,0,0000-00-00,2,
3,0,2007-12-30,1,2,2007-12-31,2,
3,0,2007-12-31,0,0,0000-00-00,2,
3,1,2008-01-01,1,1,2008-01-01,1,
0,1,2008-01-02,1,2,2008-01-03,2,
0,1,2008-01-03,0,0,0000-00-00,2,
1,0,2008-01-04,1,1,2008-01-04,1,
2,0,2008-01-05,1,1,2008-01-05,1,
3,0,2008-01-06,1,1,2008-01-06,1,
2,0,2008-01-07,1,1,2008-01-07,1,
1,0,2008-01-08,1,1,2008-01-08,1,
0,0,2008-01-09,1,2,2008-01-10,2,
0,0,2008-01-10,0,0,0000-00-00,2,
0,2,2008-01-11,1,4,2008-01-14,4,
0,2,2008-01-12,0,0,0000-00-00,4,
0,2,2008-01-13,0,0,0000-00-00,4,
0,2,2008-01-14,0,0,0000-00-00,4,
1,1,2008-01-15,1,1,2008-01-15,1,
1,0,2008-01-16,1,2,2008-01-17,2,
1,0,2008-01-17,0,0,0000-00-00,2,
2,0,2008-01-18,1,1,2008-01-18,1,
2,1,2008-01-19,1,1,2008-01-19,1,
2,2,2008-01-20,1,2,2008-01-21,2,
2,2,2008-01-21,0,0,0000-00-00,2,
3,0,2008-01-22,1,1,2008-01-22,1,
3,1,2008-01-23,1,1,2008-01-23,1,
3,0,2008-01-24,1,2,2008-01-25,2,
3,0,2008-01-25,0,0,0000-00-00,2,
1,1,2008-01-26,1,1,2008-01-26,1,
3,0,2008-01-27,1,3,2008-01-29,3,
3,0,2008-01-28,0,0,0000-00-00,3,
3,0,2008-01-29,0,0,0000-00-00,3,
1,0,2008-01-30,1,1,2008-01-30,1,
0,2,2008-01-31,1,1,2008-01-31,1,
2,2,2008-02-01,1,1,2008-02-01,1,
0,0,2008-02-02,1,2,2008-02-03,2,
0,0,2008-02-03,0,0,0000-00-00,2,
1,0,2008-02-04,1,1,2008-02-04,1,
2,0,2008-02-05,1,1,2008-02-05,1,
3,0,2008-02-06,1,1,2008-02-06,1,
3,1,2008-02-07,1,3,2008-02-09,3,
3,1,2008-02-08,0,0,0000-00-00,3,
3,1,2008-02-09,0,0,0000-00-00,3,
3,2,2008-02-10,1,1,2008-02-10,1,
1,2,2008-02-11,1,3,2008-02-13,3,
1,2,2008-02-12,0,0,0000-00-00,3,
1,2,2008-02-13,0,0,0000-00-00,3,
2,2,2008-02-14,1,1,2008-02-14,1,
3,2,2008-02-15,1,2,2008-02-16,2,
3,2,2008-02-16,0,0,0000-00-00,2,
2,2,2008-02-17,1,1,2008-02-17,1,
3,2,2008-02-18,1,1,2008-02-18,1,
3,1,2008-02-19,1,2,2008-02-20,2,
3,1,2008-02-20,0,0,0000-00-00,2,
3,0,2008-02-21,1,1,2008-02-21,1,
3,1,2008-02-22,1,1,2008-02-22,1,
2,0,2008-02-23,1,1,2008-02-23,1,
2,1,2008-02-24,1,1,2008-02-24,1,
2,0,2008-02-25,1,1,2008-02-25,1,
3,0,2008-02-26,1,2,2008-02-27,2,
3,0,2008-02-27,0,0,0000-00-00,2,
2,0,2008-02-28,1,1,2008-02-28,1,
1,0,2008-03-01,1,1,2008-03-01,1,
2,0,2008-03-02,1,1,2008-03-02,1,
1,1,2008-03-03,1,1,2008-03-03,1,
2,2,2008-03-04,1,1,2008-03-04,1,
2,1,2008-03-05,1,1,2008-03-05,1,
2,0,2008-03-06,1,1,2008-03-06,1,
1,0,2008-03-07,1,1,2008-03-07,1,
2,0,2008-03-08,1,4,2008-03-11,4,
2,0,2008-03-09,0,0,0000-00-00,4,
2,0,2008-03-10,0,0,0000-00-00,4,
2,0,2008-03-11,0,0,0000-00-00,4,
1,0,2008-03-12,1,1,2008-03-12,1,
1,1,2008-03-13,1,1,2008-03-13,1,
2,2,2008-03-14,1,1,2008-03-14,1,
1,2,2008-03-15,1,1,2008-03-15,1,
2,2,2008-03-16,1,1,2008-03-16,1,
3,2,2008-03-17,1,1,2008-03-17,1,
2,1,2008-03-18,1,2,2008-03-19,2,
2,1,2008-03-19,0,0,0000-00-00,2,
1,1,2008-03-20,1,1,2008-03-20,1,
1,2,2008-03-21,1,1,2008-03-21,1,
2,2,2008-03-22,1,2,2008-03-23,2,
2,2,2008-03-23,0,0,0000-00-00,2,
1,1,2008-03-24,1,1,2008-03-24,1,
1,0,2008-03-25,1,2,2008-03-26,2,
1,0,2008-03-26,0,0,0000-00-00,2,
0,1,2008-03-27,1,1,2008-03-27,1,
0,0,2008-03-28,1,2,2008-03-29,2,
0,0,2008-03-29,0,0,0000-00-00,2,
0,1,2008-03-30,1,1,2008-03-30,1,
0,2,2008-03-31,1,1,2008-03-31,1,
2,2,2008-11-01,1,1,2008-11-01,1,
3,1,2008-11-02,1,2,2008-11-03,2,
3,1,2008-11-03,0,0,0000-00-00,2,
1,1,2008-11-04,1,1,2008-11-04,1,
2,1,2008-11-05,1,1,2008-11-05,1,
1,1,2008-11-06,1,1,2008-11-06,1,
2,0,2008-11-07,1,1,2008-11-07,1,
1,0,2008-11-08,1,3,2008-11-10,3,
1,0,2008-11-09,0,0,0000-00-00,3,
1,0,2008-11-10,0,0,0000-00-00,3,
2,2,2008-11-11,1,2,2008-11-12,2,
2,2,2008-11-12,0,0,0000-00-00,2,
2,0,2008-11-13,1,2,2008-11-14,2,
2,0,2008-11-14,0,0,0000-00-00,2,
2,1,2008-11-15,1,1,2008-11-15,1,
3,2,2008-11-16,1,2,2008-11-17,2,
3,2,2008-11-17,0,0,0000-00-00,2,
3,1,2008-11-18,1,2,2008-11-19,2,
3,1,2008-11-19,0,0,0000-00-00,2,
1,1,2008-11-20,1,1,2008-11-20,1,
2,2,2008-11-21,1,1,2008-11-21,1,
3,1,2008-11-22,1,1,2008-11-22,1,
2,1,2008-11-23,1,1,2008-11-23,1,
3,2,2008-11-24,1,1,2008-11-24,1,
3,1,2008-11-25,1,1,2008-11-25,1,
2,0,2008-11-26,1,1,2008-11-26,1,
0,0,2008-11-27,1,1,2008-11-27,1,
1,0,2008-11-28,1,1,2008-11-28,1,
2,2,2008-11-29,1,3,2008-12-01,3,
2,2,2008-11-30,0,0,0000-00-00,3,
2,2,2008-12-01,0,0,0000-00-00,3,
3,1,2008-12-02,1,1,2008-12-02,1,
2,0,2008-12-03,1,1,2008-12-03,1,
1,0,2008-12-04,1,1,2008-12-04,1,
3,2,2008-12-05,1,1,2008-12-05,1,
3,1,2008-12-06,1,2,2008-12-07,2,
3,1,2008-12-07,0,0,0000-00-00,2,
2,1,2008-12-08,1,1,2008-12-08,1,
2,2,2008-12-09,1,1,2008-12-09,1,
3,1,2008-12-10,1,2,2008-12-11,2,
3,1,2008-12-11,0,0,0000-00-00,2,
3,0,2008-12-12,1,1,2008-12-12,1,
2,0,2008-12-13,1,1,2008-12-13,1,
1,1,2008-12-14,1,1,2008-12-14,1,
3,0,2008-12-15,1,4,2008-12-18,4,
3,0,2008-12-16,0,0,0000-00-00,4,
3,0,2008-12-17,0,0,0000-00-00,4,
3,0,2008-12-18,0,0,0000-00-00,4,
2,0,2008-12-19,1,1,2008-12-19,1,
1,1,2008-12-20,1,1,2008-12-20,1,
2,1,2008-12-21,1,1,2008-12-21,1,
1,1,2008-12-22,1,1,2008-12-22,1,
2,1,2008-12-23,1,1,2008-12-23,1,
3,1,2008-12-24,1,2,2008-12-25,2,
3,1,2008-12-25,0,0,0000-00-00,2,
2,2,2008-12-26,1,2,2008-12-27,2,
2,2,2008-12-27,0,0,0000-00-00,2,
3,2,2008-12-28,1,1,2008-12-28,1,
2,2,2008-12-29,1,1,2008-12-29,1,
0,2,2008-12-30,1,5,2009-01-03,5,
0,2,2008-12-31,0,0,0000-00-00,5,
0,2,2009-01-01,0,0,0000-00-00,5,
0,2,2009-01-02,0,0,0000-00-00,5,
0,2,2009-01-03,0,0,0000-00-00,5,
1,2,2009-01-04,1,2,2009-01-05,2,
1,2,2009-01-05,0,0,0000-00-00,2,
2,2,2009-01-06,1,2,2009-01-07,2,
2,2,2009-01-07,0,0,0000-00-00,2,
3,2,2009-01-08,1,1,2009-01-08,1,
1,1,2009-01-09,1,1,2009-01-09,1,
2,0,2009-01-10,1,1,2009-01-10,1,
1,0,2009-01-11,1,1,2009-01-11,1,
1,1,2009-01-12,1,1,2009-01-12,1,
1,2,2009-01-13,1,1,2009-01-13,1,
1,0,2009-01-14,1,1,2009-01-14,1,
0,1,2009-01-15,1,1,2009-01-15,1,
1,0,2009-01-16,1,2,2009-01-17,2,
1,0,2009-01-17,0,0,0000-00-00,2,
2,0,2009-01-18,1,3,2009-01-20,3,
2,0,2009-01-19,0,0,0000-00-00,3,
2,0,2009-01-20,0,0,0000-00-00,3,
1,0,2009-01-21,1,1,2009-01-21,1,
0,0,2009-01-22,1,2,2009-01-23,2,
0,0,2009-01-23,0,0,0000-00-00,2,
1,0,2009-01-24,1,2,2009-01-25,2,
1,0,2009-01-25,0,0,0000-00-00,2,
1,1,2009-01-26,1,1,2009-01-26,1,
3,0,2009-01-27,1,2,2009-01-28,2,
3,0,2009-01-28,0,0,0000-00-00,2,
2,0,2009-01-29,1,3,2009-01-31,3,
2,0,2009-01-30,0,0,0000-00-00,3,
2,0,2009-01-31,0,0,0000-00-00,3,
1,2,2009-02-01,1,1,2009-02-01,1,
0,2,2009-02-02,1,2,2009-02-03,2,
0,2,2009-02-03,0,0,0000-00-00,2,
1,2,2009-02-04,1,1,2009-02-04,1,
2,2,2009-02-05,1,1,2009-02-05,1,
1,2,2009-02-06,1,1,2009-02-06,1,
1,1,2009-02-07,1,1,2009-02-07,1,
2,0,2009-02-08,1,1,2009-02-08,1,
1,1,2009-02-09,1,1,2009-02-09,1,
0,2,2009-02-10,1,1,2009-02-10,1,
1,2,2009-02-11,1,1,2009-02-11,1,
2,2,2009-02-12,1,2,2009-02-13,2,
2,2,2009-02-13,0,0,0000-00-00,2,
1,2,2009-02-14,1,2,2009-02-15,2,
1,2,2009-02-15,0,0,0000-00-00,2,
1,1,2009-02-16,1,1,2009-02-16,1,
3,1,2009-02-17,1,1,2009-02-17,1,
3,0,2009-02-18,1,1,2009-02-18,1,
2,2,2009-02-19,1,1,2009-02-19,1,
1,1,2009-02-20,1,2,2009-02-21,2,
1,1,2009-02-21,0,0,0000-00-00,2,
1,2,2009-02-22,1,1,2009-02-22,1,
1,1,2009-02-23,1,1,2009-02-23,1,
1,0,2009-02-24,1,1,2009-02-24,1,
0,1,2009-02-25,1,2,2009-02-26,2,
0,1,2009-02-26,0,0,0000-00-00,2,
0,0,2009-02-27,1,1,2009-02-27,1,
2,0,2009-02-28,1,1,2009-02-28,1,
2,1,2009-03-01,1,1,2009-03-01,1,
2,0,2009-03-02,1,2,2009-03-03,2,
2,0,2009-03-03,0,0,0000-00-00,2,
1,0,2009-03-04,1,1,2009-03-04,1,
1,1,2009-03-05,1,1,2009-03-05,1,
2,0,2009-03-06,1,1,2009-03-06,1,
1,0,2009-03-07,1,2,2009-03-08,2,
1,0,2009-03-08,0,0,0000-00-00,2,
0,2,2009-03-09,1,2,2009-03-10,2,
0,2,2009-03-10,0,0,0000-00-00,2,
0,0,2009-03-11,1,1,2009-03-11,1,
1,0,2009-03-12,1,1,2009-03-12,1,
0,1,2009-03-13,1,1,2009-03-13,1,
1,1,2009-03-14,1,1,2009-03-14,1,
2,0,2009-03-15,1,1,2009-03-15,1,
1,1,2009-03-16,1,1,2009-03-16,1,
1,2,2009-03-17,1,1,2009-03-17,1,
1,1,2009-03-18,1,1,2009-03-18,1,
1,2,2009-03-19,1,1,2009-03-19,1,
2,1,2009-03-20,1,1,2009-03-20,1,
3,1,2009-03-21,1,2,2009-03-22,2,
3,1,2009-03-22,0,0,0000-00-00,2,
1,1,2009-03-23,1,1,2009-03-23,1,
2,0,2009-03-24,1,1,2009-03-24,1,
1,0,2009-03-25,1,2,2009-03-26,2,
1,0,2009-03-26,0,0,0000-00-00,2,
2,1,2009-03-27,1,2,2009-03-28,2,
2,1,2009-03-28,0,0,0000-00-00,2,
0,0,2009-03-29,1,1,2009-03-29,1,
0,2,2009-03-30,1,1,2009-03-30,1,
0,0,2009-03-31,1,1,2009-03-31,1,
3,1,2009-11-01,1,1,2009-11-01,1,
3,0,2009-11-02,1,1,2009-11-02,1,
2,0,2009-11-03,1,1,2009-11-03,1,
1,0,2009-11-04,1,3,2009-11-06,3,
1,0,2009-11-05,0,0,0000-00-00,3,
1,0,2009-11-06,0,0,0000-00-00,3,
1,1,2009-11-07,1,1,2009-11-07,1,
1,2,2009-11-08,1,1,2009-11-08,1,
2,0,2009-11-09,1,1,2009-11-09,1,
2,1,2009-11-10,1,1,2009-11-10,1,
1,2,2009-11-11,1,1,2009-11-11,1,
0,0,2009-11-12,1,4,2009-11-15,4,
0,0,2009-11-13,0,0,0000-00-00,4,
0,0,2009-11-14,0,0,0000-00-00,4,
0,0,2009-11-15,0,0,0000-00-00,4,
1,0,2009-11-16,1,1,2009-11-16,1,
0,1,2009-11-17,1,1,2009-11-17,1,
0,0,2009-11-18,1,2,2009-11-19,2,
0,0,2009-11-19,0,0,0000-00-00,2,
2,0,2009-11-20,1,2,2009-11-21,2,
2,0,2009-11-21,0,0,0000-00-00,2,
1,0,2009-11-22,1,1,2009-11-22,1,
0,0,2009-11-23,1,4,2009-11-26,4,
0,0,2009-11-24,0,0,0000-00-00,4,
0,0,2009-11-25,0,0,0000-00-00,4,
0,0,2009-11-26,0,0,0000-00-00,4,
0,1,2009-11-27,1,2,2009-11-28,2,
0,1,2009-11-28,0,0,0000-00-00,2,
0,2,2009-11-29,1,2,2009-11-30,2,
0,2,2009-11-30,0,0,0000-00-00,2,
0,0,2009-12-01,1,1,2009-12-01,1,
0,1,2009-12-02,1,1,2009-12-02,1,
0,2,2009-12-03,1,1,2009-12-03,1,
0,0,2009-12-04,1,2,2009-12-05,2,
0,0,2009-12-05,0,0,0000-00-00,2,
2,0,2009-12-06,1,1,2009-12-06,1,
1,0,2009-12-07,1,1,2009-12-07,1,
0,0,2009-12-08,1,2,2009-12-09,2,
0,0,2009-12-09,0,0,0000-00-00,2,
1,0,2009-12-10,1,1,2009-12-10,1,
1,1,2009-12-11,1,1,2009-12-11,1,
1,2,2009-12-12,1,2,2009-12-13,2,
1,2,2009-12-13,0,0,0000-00-00,2,
2,2,2009-12-14,1,3,2009-12-16,3,
2,2,2009-12-15,0,0,0000-00-00,3,
2,2,2009-12-16,0,0,0000-00-00,3,
1,2,2009-12-17,1,1,2009-12-17,1,
0,2,2009-12-18,1,3,2009-12-20,3,
0,2,2009-12-19,0,0,0000-00-00,3,
0,2,2009-12-20,0,0,0000-00-00,3,
0,1,2009-12-21,1,1,2009-12-21,1,
0,0,2009-12-22,1,6,2009-12-27,6,
0,0,2009-12-23,0,0,0000-00-00,6,
0,0,2009-12-24,0,0,0000-00-00,6,
0,0,2009-12-25,0,0,0000-00-00,6,
0,0,2009-12-26,0,0,0000-00-00,6,
0,0,2009-12-27,0,0,0000-00-00,6,
0,1,2009-12-28,1,2,2009-12-29,2,
0,1,2009-12-29,0,0,0000-00-00,2,
0,2,2009-12-30,1,1,2009-12-30,1,
1,2,2009-12-31,1,2,2010-01-01,2,
1,2,2010-01-01,0,0,0000-00-00,2,
0,2,2010-01-02,1,3,2010-01-04,3,
0,2,2010-01-03,0,0,0000-00-00,3,
0,2,2010-01-04,0,0,0000-00-00,3,
1,2,2010-01-05,1,1,2010-01-05,1,
2,2,2010-01-06,1,5,2010-01-10,5,
2,2,2010-01-07,0,0,0000-00-00,5,
2,2,2010-01-08,0,0,0000-00-00,5,
2,2,2010-01-09,0,0,0000-00-00,5,
2,2,2010-01-10,0,0,0000-00-00,5,
0,2,2010-01-11,1,3,2010-01-13,3,
0,2,2010-01-12,0,0,0000-00-00,3,
0,2,2010-01-13,0,0,0000-00-00,3,
1,0,2010-01-14,1,1,2010-01-14,1,
2,0,2010-01-15,1,2,2010-01-16,2,
2,0,2010-01-16,0,0,0000-00-00,2,
2,1,2010-01-17,1,1,2010-01-17,1,
1,1,2010-01-18,1,1,2010-01-18,1,
1,0,2010-01-19,1,1,2010-01-19,1,
2,0,2010-01-20,1,2,2010-01-21,2,
2,0,2010-01-21,0,0,0000-00-00,2,
3,0,2010-01-22,1,1,2010-01-22,1,
1,2,2010-01-23,1,1,2010-01-23,1,
3,2,2010-01-24,1,1,2010-01-24,1,
2,1,2010-01-25,1,1,2010-01-25,1,
3,1,2010-01-26,1,1,2010-01-26,1,
3,2,2010-01-27,1,1,2010-01-27,1,
2,1,2010-01-28,1,2,2010-01-29,2,
2,1,2010-01-29,0,0,0000-00-00,2,
2,2,2010-01-30,1,3,2010-02-01,3,
2,2,2010-01-31,0,0,0000-00-00,3,
2,2,2010-02-01,0,0,0000-00-00,3,
1,2,2010-02-02,1,2,2010-02-03,2,
1,2,2010-02-03,0,0,0000-00-00,2,
0,2,2010-02-04,1,6,2010-02-09,6,
0,2,2010-02-05,0,0,0000-00-00,6,
0,2,2010-02-06,0,0,0000-00-00,6,
0,2,2010-02-07,0,0,0000-00-00,6,
0,2,2010-02-08,0,0,0000-00-00,6,
0,2,2010-02-09,0,0,0000-00-00,6,
1,2,2010-02-10,1,2,2010-02-11,2,
1,2,2010-02-11,0,0,0000-00-00,2,
2,2,2010-02-12,1,1,2010-02-12,1,
1,2,2010-02-13,1,2,2010-02-14,2,
1,2,2010-02-14,0,0,0000-00-00,2,
0,2,2010-02-15,1,3,2010-02-17,3,
0,2,2010-02-16,0,0,0000-00-00,3,
0,2,2010-02-17,0,0,0000-00-00,3,
1,2,2010-02-18,1,1,2010-02-18,1,
0,1,2010-02-19,1,1,2010-02-19,1,
0,2,2010-02-20,1,2,2010-02-21,2,
0,2,2010-02-21,0,0,0000-00-00,2,
0,1,2010-02-22,1,1,2010-02-22,1,
0,0,2010-02-23,1,5,2010-02-27,5,
0,0,2010-02-24,0,0,0000-00-00,5,
0,0,2010-02-25,0,0,0000-00-00,5,
0,0,2010-02-26,0,0,0000-00-00,5,
0,0,2010-02-27,0,0,0000-00-00,5,
0,1,2010-02-28,1,1,2010-02-28,1,
1,2,2010-03-01,1,1,2010-03-01,1,
3,2,2010-03-02,1,2,2010-03-03,2,
3,2,2010-03-03,0,0,0000-00-00,2,
2,2,2010-03-04,1,1,2010-03-04,1,
3,2,2010-03-05,1,2,2010-03-06,2,
3,2,2010-03-06,0,0,0000-00-00,2,
0,2,2010-03-07,1,1,2010-03-07,1,
1,2,2010-03-08,1,1,2010-03-08,1,
2,2,2010-03-09,1,1,2010-03-09,1,
3,2,2010-03-10,1,1,2010-03-10,1,
2,2,2010-03-11,1,2,2010-03-12,2,
2,2,2010-03-12,0,0,0000-00-00,2,
1,2,2010-03-13,1,2,2010-03-14,2,
1,2,2010-03-14,0,0,0000-00-00,2,
0,2,2010-03-15,1,1,2010-03-15,1,
0,1,2010-03-16,1,1,2010-03-16,1,
1,0,2010-03-17,1,4,2010-03-20,4,
1,0,2010-03-18,0,0,0000-00-00,4,
1,0,2010-03-19,0,0,0000-00-00,4,
1,0,2010-03-20,0,0,0000-00-00,4,
0,1,2010-03-21,1,1,2010-03-21,1,
0,0,2010-03-22,1,4,2010-03-25,4,
0,0,2010-03-23,0,0,0000-00-00,4,
0,0,2010-03-24,0,0,0000-00-00,4,
0,0,2010-03-25,0,0,0000-00-00,4,
0,1,2010-03-26,1,1,2010-03-26,1,
0,2,2010-03-27,1,3,2010-03-29,3,
0,2,2010-03-28,0,0,0000-00-00,3,
0,2,2010-03-29,0,0,0000-00-00,3,
1,1,2010-03-30,1,missing,missing,missing,
1,1,2010-03-31,0,missing,missing,missing,
